0.176667 0.294158
0.25 0.44635
0.353333 0.64221
0.393333 0.696017
0.416667 0.651977
0.44 0.547579
0.5 0.250833
0.53 0.141383
0.56 0.0911624
0.79 5.40414e-07
0.176667 0
0.25 0.0713495
0.353333 0.196105
0.393333 0.261498
0.416667 0.340625
0.44 0.452381
0.5 0.716931
0.53 0.758892
0.556667 0.689372
0.706667 0.21486
0.75 0.135393
0.79 0.0906921
0.883333 0.0285624
1 -5.32907e-15
0.44 0
0.5 0.032236
0.53 0.0997248
0.556667 0.216618
0.706667 0.364906
0.75 0.266894
0.79 0.186678
0.883333 0.0679471
1 0.000431876
0.556667 0
0.706667 0.408409
0.75 0.594961
0.883333 0.903491
1 0.999568
