0.00333333 0.0418879 0 0 0 
0.00666667 0.0837758 0 0 0 
0.01 0.125664 0 0 0 
0.0133333 0.167552 0 0 0 
0.0166667 0.20944 0 0 0 
0.02 0.251327 0 0 0 
0.0233333 0.293215 0 0 0 
0.0266667 0.335103 0 0 0 
0.03 0.376991 0 0 0 
0.0333333 0.418879 0 0 0 
0.0366667 0.460767 0 0 0 
0.04 0.502655 0 0 0 
0.0433333 0.544543 0 0 0 
0.0466667 0.586431 0 0 0 
0.05 0.628319 0 0 0 
0.0533333 0.670206 0 0 0 
0.0566667 0.712094 0 0 0 
0.06 0.753982 0 0 0 
0.0633333 0.79587 0 0 0 
0.0666667 0.837758 0 0 0 
0.07 0.879646 0 0 0 
0.0733333 0.921534 0 0 0 
0.0766667 0.963422 0 0 0 
0.08 1.00531 0 0 0 
0.0833333 1.0472 0 0 0 
0.0866667 1.08909 0 0 0 
0.09 1.13097 0 0 0 
0.0933333 1.17286 0 0 0 
0.0966667 1.21475 0 0 0 
0.1 1.25664 0 0 0 
0.103333 1.29852 0 0 0 
0.106667 1.34041 0 0 0 
0.11 1.3823 0 0 0 
0.113333 1.42419 0 0 0 
0.116667 1.46608 0 0 0 
0.12 1.50796 0 0 0 
0.123333 1.54985 0 0 0 
0.126667 1.59174 0 0 0 
0.13 1.63363 0 0 0 
0.133333 1.67552 0 0 0 
0.136667 1.7174 0 0 0 
0.14 1.75929 0 0 0 
0.143333 1.80118 0 0 0 
0.146667 1.84307 0 0 0 
0.15 1.88496 0 0 0 
0.153333 1.92684 0 0 0 
0.156667 1.96873 0 0 0 
0.16 2.01062 0 0 0 
0.163333 2.05251 0 0 0 
0.166667 2.0944 0 0 0 
0.17 2.13628 0 0 0 
0.173333 2.17817 0 0 0 
0.176667 2.22006 0 0 0 
0.18 2.26195 0 0 0 
0.183333 2.30383 0 0 0 
0.186667 2.34572 0 0 0 
0.19 2.38761 0 0 0 
0.193333 2.4295 0 0 0 
0.196667 2.47139 0 0 0 
0.2 2.51327 0 0 0 
0.203333 2.55516 0 0 0 
0.206667 2.59705 0 0 0 
0.21 2.63894 0 0 0 
0.213333 2.68083 0 0 0 
0.216667 2.72271 0 0 0 
0.22 2.7646 0 0 0 
0.223333 2.80649 0 0 0 
0.226667 2.84838 0 0 0 
0.23 2.89027 0 0 0 
0.233333 2.93215 0 0 0 
0.236667 2.97404 0 0 0 
0.24 3.01593 0 0 0 
0.243333 3.05782 0 0 0 
0.246667 3.0997 0 0 0 
0.25 3.11425 0 0 0 
0.253333 3.10579 0 0 0 
0.256667 3.10932 0 0 0 
0.26 3.12319 0 0 0 
0.263333 3.14122 0 0 0 
0.266667 3.16175 0 0 0 
0.27 3.18397 0 0 0 
0.273333 3.20745 0 0 0 
0.276667 3.21884 0.00652167 0 0 
0.28 2.97276 0.142165 0 0 
0.283333 2.565 0.358958 0 0 
0.286667 2.29127 0.508998 0 0 
0.29 2.08909 0.623486 0 0 
0.293333 1.91975 0.721746 0 0 
0.296667 1.77072 0.810012 0 0 
0.3 1.63584 0.89135 0 0 
0.303333 1.5115 0.967544 0 0 
0.306667 1.39538 1.03975 0 0 
0.31 1.28697 1.10819 0 0 
0.313333 1.20917 1.16142 0 0 
0.316667 1.16892 1.19596 0 0 
0.32 1.14049 1.22467 0 0 
0.323333 1.11354 1.2527 0 0 
0.326667 1.08787 1.28015 0 0 
0.33 1.06332 1.3071 0 0 
0.333333 1.03976 1.33361 0 0 
0.336667 1.01709 1.35973 0 0 
0.34 0.995194 1.3855 0 0 
0.343333 0.974008 1.41095 0 0 
0.346667 0.953461 1.43613 0 0 
0.35 0.933492 1.46106 0 0 
0.353333 0.91405 1.48575 0 0 
0.356667 0.895091 1.51024 0 0 
0.36 0.876574 1.53453 0 0 
0.363333 0.858464 1.55865 0 0 
0.366667 0.84073 1.58261 0 0 
0.37 0.823343 1.60641 0 0 
0.373333 0.806279 1.63008 0 0 
0.376667 0.789515 1.65362 0 0 
0.38 0.773031 1.67704 0 0 
0.383333 0.756807 1.70035 0 0 
0.386667 0.740827 1.72356 0 0 
0.39 0.725076 1.74667 0 0 
0.393333 0.709539 1.76969 0 0 
0.396667 0.694204 1.79263 0 0 
0.4 0.679058 1.81548 0 0 
0.403333 0.664091 1.83826 0 0 
0.406667 0.649294 1.86097 0 0 
0.41 0.634655 1.88361 0 0 
0.413333 0.620168 1.90619 0 0 
0.416667 0.605823 1.92871 0 0 
0.42 0.591614 1.95117 0 0 
0.423333 0.577533 1.97358 0 0 
0.426667 0.563575 1.99594 0 0 
0.43 0.549733 2.01825 0 0 
0.433333 0.536001 2.04052 0 0 
0.436667 0.522375 2.06274 0 0 
0.44 0.50885 2.08492 0 0 
0.443333 0.49542 2.10706 0 0 
0.446667 0.482082 2.12916 0 0 
0.45 0.262422 2.25443 0 0 
0.453333 -0.248775 2.52548 0 0 
0.456667 -0.724558 2.77882 0 0 
0.46 -1.04565 2.95483 0 0 
0.463333 -1.31414 3.10454 0 0 
0.466667 -1.55211 3.239 0 0 
0.47 -1.76945 3.36315 0 0 
0.473333 -1.97165 3.47974 0 0 
0.476667 -2.16217 3.59049 0 0 
0.48 -2.34334 3.69658 0 0 
0.483333 -2.51683 3.79882 0 0 
0.486667 -2.68386 3.89785 0 0 
0.49 -2.84539 3.99412 0 0 
0.493333 -3.00216 4.08803 0 0 
0.496667 -3.15478 4.17986 0 0 
0.5 -3.41945 4.23127 0.0385797 0 
0.503333 -3.70885 4.1802 0.132255 0 
0.506667 -3.76897 3.97071 0.266681 0 
0.51 -3.69734 3.6902 0.414441 0 
0.513333 -3.64032 3.4498 0.544385 0 
0.516667 -3.59384 3.23574 0.662733 0 
0.52 -3.55452 3.04 0.772949 0 
0.523333 -3.52043 2.85797 0.877035 0 
0.526667 -3.49037 2.68669 0.976279 0 
0.53 -3.4635 2.52411 1.07157 0 
0.533333 -3.43923 2.36878 1.16355 0 
0.536667 -3.41713 2.21958 1.25272 0 
0.54 -3.39238 2.07343 1.33945 0 
0.543333 -3.33812 1.91634 1.42404 0 
0.546667 -3.25486 1.74813 1.50673 0 
0.55 -3.16973 1.58199 1.58774 0 
0.553333 -3.08697 1.41974 1.66723 0 
0.556667 -3.00671 1.26136 1.74535 0 
0.56 -2.93459 1.11238 1.82221 0 
0.563333 -2.87202 0.974082 1.89794 0 
0.566667 -2.81286 0.840255 1.97261 0 
0.57 -2.75493 0.708626 2.04631 0 
0.573333 -2.69814 0.57903 2.11911 0 
0.576667 -2.6424 0.451319 2.19108 0 
0.58 -2.58764 0.325362 2.26227 0 
0.583333 -2.53379 0.201043 2.33275 0 
0.586667 -2.48079 0.0782541 2.40254 0 
0.59 -2.4286 -0.0430998 2.4717 0 
0.593333 -2.37715 -0.163106 2.54026 0 
0.596667 -2.32641 -0.281843 2.60826 0 
0.6 -2.27634 -0.399385 2.67573 0 
0.603333 -2.2269 -0.515797 2.74269 0 
0.606667 -2.17804 -0.63114 2.80918 0 
0.61 -2.12976 -0.745472 2.87523 0 
0.613333 -2.082 -0.858843 2.94084 0 
0.616667 -2.03475 -0.971302 3.00606 0 
0.62 -1.98799 -1.08289 3.07088 0 
0.623333 -1.94154 -1.19394 3.13548 0 
0.626667 -1.89458 -1.3061 3.20068 0 
0.63 -1.84711 -1.41935 3.26646 0 
0.633333 -1.79998 -1.53202 3.33199 0 
0.636667 -1.75329 -1.64387 3.39715 0 
0.64 -1.70702 -1.75494 3.46196 0 
0.643333 -1.66117 -1.86526 3.52643 0 
0.646667 -1.6157 -1.97486 3.59057 0 
0.65 -1.57061 -2.08378 3.65439 0 
0.653333 -1.52588 -2.19204 3.71792 0 
0.656667 -1.4815 -2.29966 3.78116 0 
0.66 -1.43745 -2.40668 3.84413 0 
0.663333 -1.39371 -2.51311 3.90682 0 
0.666667 -1.35028 -2.61899 3.96927 0 
0.67 -1.30715 -2.72432 4.03146 0 
0.673333 -1.2643 -2.82913 4.09342 0 
0.676667 -1.22172 -2.93344 4.15515 0 
0.68 -1.1794 -3.03726 4.21667 0 
0.683333 -1.13734 -3.14062 4.27796 0 
0.686667 -1.09553 -3.24353 4.33906 0 
0.69 -1.05395 -3.346 4.39995 0 
0.693333 -1.0126 -3.44806 4.46066 0 
0.696667 -0.971474 -3.54971 4.52118 0 
0.7 -0.930559 -3.65096 4.58152 0 
0.703333 -0.889851 -3.75184 4.64169 0 
0.706667 -0.854358 -3.69405 4.40516 0.14325 
0.71 -0.832223 -3.43724 3.82379 0.445676 
0.713333 -0.818479 -3.20797 3.33084 0.69561 
0.716667 -0.804915 -3.06708 3.01516 0.856832 
0.72 -0.791412 -2.95774 2.76264 0.986519 
0.723333 -0.777969 -2.86707 2.54747 1.09757 
0.726667 -0.764583 -2.78913 2.35781 1.1959 
0.73 -0.751255 -2.72058 2.18699 1.28485 
0.733333 -0.73798 -2.65932 2.03077 1.36654 
0.736667 -0.724759 -2.60391 1.88628 1.44239 
0.74 -0.71159 -2.55332 1.75148 1.51343 
0.743333 -0.698471 -2.50679 1.62482 1.58044 
0.746667 -0.685401 -2.46372 1.50513 1.644 
0.75 -0.672379 -2.37644 1.34425 1.70457 
0.753333 -0.659403 -2.25246 1.14935 1.76252 
0.756667 -0.646473 -2.15221 0.980519 1.81817 
0.76 -0.633586 -2.07232 0.834148 1.87176 
0.763333 -0.620742 -2.0018 0.699033 1.92351 
0.766667 -0.60794 -1.93752 0.571866 1.97359 
0.77 -0.595179 -1.87793 0.450935 2.02217 
0.773333 -0.582457 -1.82209 0.335164 2.06938 
0.776667 -0.569774 -1.76935 0.223802 2.11533 
0.78 -0.557129 -1.71928 0.116291 2.16012 
0.783333 -0.54452 -1.67152 0.0121937 2.20385 
0.786667 -0.531948 -1.6258 -0.0888422 2.24659 
0.79 -0.51941 -1.5819 -0.187108 2.28842 
0.793333 -0.506907 -1.53964 -0.282849 2.3294 
0.796667 -0.494438 -1.49887 -0.376276 2.36958 
0.8 -0.482 -1.45945 -0.467571 2.40903 
0.803333 -0.469595 -1.42129 -0.556893 2.44778 
0.806667 -0.457221 -1.38427 -0.644382 2.48588 
0.81 -0.444767 -1.34854 -0.730053 2.52336 
0.813333 -0.429843 -1.3188 -0.81163 2.56027 
0.816667 -0.411716 -1.29644 -0.888479 2.59664 
0.82 -0.39293 -1.27632 -0.963236 2.63249 
0.823333 -0.374471 -1.25641 -1.03697 2.66786 
0.826667 -0.356315 -1.23671 -1.10974 2.70276 
0.83 -0.338442 -1.21721 -1.18158 2.73723 
0.833333 -0.320832 -1.1979 -1.25254 2.77128 
0.836667 -0.303468 -1.17879 -1.32267 2.80494 
0.84 -0.286335 -1.15987 -1.39201 2.83822 
0.843333 -0.269419 -1.14114 -1.46058 2.87114 
0.846667 -0.252708 -1.12258 -1.52843 2.90372 
0.85 -0.23619 -1.1042 -1.59558 2.93597 
0.853333 -0.219855 -1.08599 -1.66207 2.96791 
0.856667 -0.203693 -1.06794 -1.72792 2.99955 
0.86 -0.187695 -1.05005 -1.79316 3.03091 
0.863333 -0.171852 -1.03232 -1.85781 3.06199 
0.866667 -0.156158 -1.01474 -1.92191 3.09281 
0.87 -0.140605 -0.997309 -1.98546 3.12337 
0.873333 -0.125187 -0.98002 -2.04849 3.1537 
0.876667 -0.109897 -0.962869 -2.11102 3.18379 
0.88 -0.0947307 -0.945854 -2.17307 3.21366 
0.883333 -0.0796817 -0.928969 -2.23466 3.24331 
0.886667 -0.0647452 -0.912211 -2.2958 3.27275 
0.89 -0.0499168 -0.895577 -2.3565 3.302 
0.893333 -0.035192 -0.879064 -2.4168 3.33105 
0.896667 -0.0205667 -0.862667 -2.47669 3.35992 
0.9 -0.00726574 -0.845155 -2.53619 3.38861 
0.903333 -0.00062651 -0.821183 -2.59531 3.41712 
0.906667 -9.99201e-14 -0.791395 -2.65408 3.44547 
0.91 2.498e-13 -0.76117 -2.71249 3.47366 
0.913333 0 -0.731128 -2.77056 3.50169 
0.916667 -1.83187e-13 -0.701265 -2.8283 3.52957 
0.92 1.33227e-13 -0.671575 -2.88573 3.5573 
0.923333 -6.66134e-14 -0.642052 -2.94284 3.5849 
0.926667 -1.33227e-13 -0.612692 -2.99966 3.61235 
0.93 1.66533e-14 -0.58349 -3.05618 3.63967 
0.933333 3.9968e-13 -0.554441 -3.11243 3.66687 
0.936667 1.4988e-13 -0.525542 -3.1684 3.69394 
0.94 -3.33067e-13 -0.496787 -3.2241 3.72089 
0.943333 -1.66533e-13 -0.468172 -3.27955 3.74772 
0.946667 -6.66134e-14 -0.439695 -3.33474 3.77444 
0.95 0 -0.411351 -3.38969 3.80104 
0.953333 0 -0.383136 -3.44441 3.82754 
0.956667 0 -0.355048 -3.49889 3.85394 
0.96 3.9968e-13 -0.327082 -3.55315 3.88023 
0.963333 8.32667e-13 -0.299236 -3.60719 3.90643 
0.966667 -3.9968e-13 -0.271506 -3.66102 3.93253 
0.97 -6.99441e-13 -0.24389 -3.71464 3.95853 
0.973333 0 -0.216385 -3.76806 3.98445 
0.976667 0 -0.188988 -3.82129 4.01028 
0.98 0 -0.161696 -3.87432 4.03602 
0.983333 -1.33227e-13 -0.134506 -3.92717 4.06167 
0.986667 0 -0.107417 -3.97983 4.08725 
0.99 2.9976e-13 -0.0804255 -4.03232 4.11275 
0.993333 0 -0.0535295 -4.08464 4.13817 
0.996667 -1.9984e-13 -0.0267266 -4.13678 4.16351 
1 0 -0.00667412 -3.95746 3.96413 
1.00333 -9.99201e-14 2.9976e-13 -3.57009 3.57009 
1.00667 0 -4.32987e-13 -3.26862 3.26862 
1.01 0 -9.99201e-14 -3.05188 3.05188 
1.01333 0 2.9976e-13 -2.87004 2.87004 
1.01667 0 9.32587e-13 -2.70948 2.70948 
1.02 9.99201e-14 -2.9976e-13 -2.56372 2.56372 
1.02333 1.33227e-13 -9.99201e-13 -2.429 2.429 
1.02667 6.32827e-13 0 -2.30293 2.30293 
1.03 -1.33227e-13 2.33147e-13 -2.18388 2.18388 
1.03333 -7.32747e-13 5.66214e-13 -2.07066 2.07066 
1.03667 4.996e-13 -3.66374e-13 -1.96238 1.96238 
1.04 2.66454e-13 -5.66214e-13 -1.85835 1.85835 
1.04333 -3.66374e-13 0 -1.75802 1.75802 
1.04667 8.65974e-13 0 -1.66096 1.66096 
1.05 5.32907e-13 0 -1.5668 1.5668 
1.05333 -5.66214e-13 0 -1.47525 1.47525 
1.05667 -1.33227e-13 0 -1.38605 1.38605 
1.06 -5.66214e-13 4.996e-13 -1.29899 1.29899 
1.06333 -5.32907e-13 5.9952e-13 -1.21388 1.21388 
1.06667 0 -4.996e-13 -1.13055 1.13055 
1.07 9.99201e-14 -5.9952e-13 -1.04887 1.04887 
1.07333 0 1.9984e-13 -0.968706 0.968706 
1.07667 -9.99201e-14 6.66134e-14 -0.889958 0.889958 
1.08 0 2.66454e-13 -0.812524 0.812524 
1.08333 0 -6.66134e-14 -0.736316 0.736316 
1.08667 6.66134e-14 -4.66294e-13 -0.661256 0.661256 
1.09 0 2.66454e-13 -0.587273 0.587273 
1.09333 3.9968e-13 0 -0.514303 0.514303 
1.09667 0 1.9984e-13 -0.442286 0.442286 
1.1 1.9984e-13 0 -0.371169 0.371169 
1.10333 0 4.66294e-13 -0.300904 0.300904 
1.10667 9.99201e-14 0 -0.231445 0.231445 
1.11 8.32667e-13 -9.32587e-13 -0.162752 0.162752 
1.11333 -6.66134e-13 0 -0.0947853 0.0947853 
1.11667 -4.32987e-13 0 -0.0332978 0.0332978 
1.12 6.32827e-13 0 -0.00280809 0.00280809 
1.12333 -3.9968e-13 5.9952e-13 -3.9968e-13 0 
1.12667 2.66454e-13 0 3.33067e-13 0 
1.13 6.32827e-13 -5.9952e-13 0 0 
1.13333 -9.99201e-13 5.9952e-13 -7.32747e-13 0 
1.13667 -6.32827e-13 1.33227e-13 1.33227e-13 0 
1.14 3.33067e-13 -5.9952e-13 1.19904e-12 0 
1.14333 6.32827e-13 -1.33227e-13 9.32587e-13 0 
1.14667 -3.33067e-13 0 -7.99361e-13 0 
1.15 -9.99201e-14 0 -8.65974e-13 0 
1.15333 0 6.66134e-13 -3.9968e-13 0 
1.15667 -3.33067e-14 0 6.66134e-14 0 
1.16 2.9976e-13 -6.66134e-13 0 0 
1.16333 -4.996e-13 4.66294e-13 -2.66454e-13 0 
1.16667 4.32987e-13 0 8.65974e-13 0 
1.17 0 3.33067e-13 0 0 
1.17333 -5.66214e-13 0 -5.9952e-13 0 
1.17667 0 -3.9968e-13 0 0 
1.18 -1.66533e-13 1.9984e-13 -2.66454e-13 0 
1.18333 0 3.33067e-13 0 0 
1.18667 1.9984e-13 1.9984e-13 0 0 
1.19 0 -1.9984e-13 0 0 
1.19333 2.33147e-13 -3.9968e-13 6.66134e-13 0 
1.19667 0 -1.33227e-13 0 0 
1.2 -4.32987e-13 6.66134e-13 -6.66134e-13 0 
1.20333 1.33227e-13 -3.9968e-13 1.33227e-13 0 
1.20667 5.32907e-13 -6.66134e-13 4.66294e-13 0 
1.21 5.66214e-13 0 7.99361e-13 0 
1.21333 -2.33147e-13 0 1.9984e-13 0 
1.21667 -6.9944e-13 3.9968e-13 -9.32587e-13 0 
1.22 -2.9976e-13 2.13163e-12 -6.66134e-13 0 
1.22333 0 -3.9968e-13 2.66454e-13 0 
1.22667 0 -1.9984e-12 1.33227e-13 0 
1.23 1.19904e-12 0 9.32587e-13 0 
1.23333 0 5.9952e-13 -1.33227e-13 0 
1.23667 -3.9968e-13 0 -5.32907e-13 0 
1.24 0 9.99201e-13 0 0 
1.24333 -7.99361e-13 2.66454e-13 -6.66134e-13 0 
1.24667 4.66294e-13 -1.73195e-12 0 0 
1.25 2.66454e-13 6.66134e-14 0 0 
1.25333 -4.66294e-13 3.33067e-13 6.66134e-14 0 
1.25667 -2.66454e-13 6.66134e-14 1.33227e-13 0 
1.26 0 5.9952e-13 6.66134e-14 0 
1.26333 1.26565e-12 -3.9968e-13 7.99361e-13 0 
1.26667 0 -9.32587e-13 2.66454e-13 0 
1.27 -6.66134e-13 0 -5.32907e-13 0 
1.27333 0 0 -3.9968e-13 0 
1.27667 7.32747e-13 0 3.9968e-13 0 
1.28 0 3.9968e-13 0 0 
1.28333 -1.33227e-12 0 -1.33227e-13 0 
1.28667 0 5.32907e-13 0 0 
1.29 5.66214e-13 0 0 0 
1.29333 0 -9.32587e-13 5.32907e-13 0 
1.29667 -5.66214e-13 3.33067e-13 -6.66134e-13 0 
1.3 1.83187e-13 0 -3.33067e-13 0 
1.30333 3.66374e-13 -3.33067e-13 6.66134e-13 0 
1.30667 -1.83187e-13 3.33067e-13 -1.9984e-13 0 
1.31 1.66533e-13 0 0 0 
1.31333 1.19904e-12 -3.33067e-13 1.73195e-12 0 
1.31667 3.9968e-13 0 -6.66134e-14 0 
1.32 -8.65974e-13 0 -5.32907e-13 0 
1.32333 -9.32587e-13 0 -2.66454e-13 0 
1.32667 -3.33067e-13 1.86517e-12 -1.19904e-12 0 
1.33 0 7.32747e-13 -3.33067e-13 0 
1.33333 1.06581e-12 -1.86517e-12 7.32747e-13 0 
1.33667 0 1.9984e-13 1.33227e-13 0 
1.34 -1.06581e-12 6.66134e-14 -6.66134e-13 0 
1.34333 0 -7.99361e-13 2.66454e-13 0 
1.34667 0 -6.66134e-14 4.66294e-13 0 
1.35 0 6.66134e-14 6.66134e-14 0 
1.35333 0 0 -2.66454e-13 0 
1.35667 7.32747e-13 0 -4.66294e-13 0 
1.36 0 5.9952e-13 -2.66454e-13 0 
1.36333 -3.33067e-13 -1.9984e-13 3.9968e-13 0 
1.36667 5.32907e-13 -5.9952e-13 0 0 
1.37 -1.9984e-13 0 0 0 
1.37333 -1.9984e-13 0 0 0 
1.37667 -1.9984e-13 0 4.66294e-13 0 
1.38 1.33227e-12 0 1.73195e-12 0 
1.38333 8.65974e-13 0 3.33067e-13 0 
1.38667 -4.66294e-13 0 -5.32907e-13 0 
1.39 -3.33067e-13 0 -1.19904e-12 0 
1.39333 -1.06581e-12 0 -6.66134e-13 0 
1.39667 5.9952e-13 0 2.66454e-13 0 
1.4 3.9968e-13 0 -5.32907e-13 0 
1.40333 -1.13243e-12 0 -1.33227e-13 0 
1.40667 -5.32907e-13 5.32907e-13 0 0 
1.41 0 1.46549e-12 -1.33227e-13 0 
1.41333 0 -5.32907e-13 0 0 
1.41667 0 -1.46549e-12 0 0 
1.42 0 0 0 0 
1.42333 0 0 0 0 
1.42667 0 0 0 0 
1.43 0 0 0 0 
1.43333 0 0 0 0 
