0 0 0 0 0
0.003333333333 4.030665254e-05 0 0 0
0.006666666667 0.0001612266102 0 0 0
0.01 0.0003627598728 0 0 0
0.01333333333 0.0006449064406 0 0 0
0.01666666667 0.001007666313 0 0 0
0.02 0.001451039491 0 0 0
0.02333333333 0.001975025974 0 0 0
0.02666666667 0.002579625762 0 0 0
0.03 0.003264838856 0 0 0
0.03333333333 0.004030665254 0 0 0
0.03666666667 0.004877104957 0 0 0
0.04 0.005804157966 0 0 0
0.04333333333 0.006811824279 0 0 0
0.04666666667 0.007900103898 0 0 0
0.05 0.009068996821 0 0 0
0.05333333333 0.01031850305 0 0 0
0.05666666667 0.01164862258 0 0 0
0.06 0.01305935542 0 0 0
0.06333333333 0.01455070157 0 0 0
0.06666666667 0.01612266102 0 0 0
0.07 0.01777523377 0 0 0
0.07333333333 0.01950841983 0 0 0
0.07666666667 0.02132221919 0 0 0
0.08 0.02321663186 0 0 0
0.08333333333 0.02519165784 0 0 0
0.08666666667 0.02724729712 0 0 0
0.09 0.0293835497 0 0 0
0.09333333333 0.03160041559 0 0 0
0.09666666667 0.03389789478 0 0 0
0.1 0.03627598728 0 0 0
0.1033333333 0.03873469309 0 0 0
0.1066666667 0.0412740122 0 0 0
0.11 0.04389394461 0 0 0
0.1133333333 0.04659449033 0 0 0
0.1166666667 0.04937564936 0 0 0
0.12 0.05223742169 0 0 0
0.1233333333 0.05517980733 0 0 0
0.1266666667 0.05820280627 0 0 0
0.13 0.06130641851 0 0 0
0.1333333333 0.06449064406 0 0 0
0.1366666667 0.06775548292 0 0 0
0.14 0.07110093508 0 0 0
0.1433333333 0.07452700054 0 0 0
0.1466666667 0.07803367931 0 0 0
0.15 0.08162097139 0 0 0
0.1533333333 0.08528887677 0 0 0
0.1566666667 0.08903739546 0 0 0
0.16 0.09286652745 0 0 0
0.1633333333 0.09677627275 0 0 0
0.1666666667 0.1007666313 0 0 0
0.17 0.1048376033 0 0 0
0.1733333333 0.1089891885 0 0 0
0.1766666667 0.113221387 0 0 0
0.18 0.1175341988 0 0 0
0.1833333333 0.1219276239 0 0 0
0.1866666667 0.1264016624 0 0 0
0.19 0.1309563141 0 0 0
0.1933333333 0.1355915791 0 0 0
0.1966666667 0.1403074575 0 0 0
0.2 0.1451039491 0 0 0
0.2033333333 0.1499810541 0 0 0
0.2066666667 0.1549387724 0 0 0
0.21 0.1599771039 0 0 0
0.2133333333 0.1650960488 0 0 0
0.2166666667 0.170295607 0 0 0
0.22 0.1755757785 0 0 0
0.2233333333 0.1809365632 0 0 0
0.2266666667 0.1863779613 0 0 0
0.23 0.1918999727 0 0 0
0.2333333333 0.1975025974 0 0 0
0.2366666667 0.2031858354 0 0 0
0.24 0.2089496868 0 0 0
0.2433333333 0.2147941514 0 0 0
0.2466666667 0.2207192293 0 0 0
0.25 0.2267249205 0 0 0
0.2533333333 0.2328112251 0 0 0
0.2566666667 0.2389781429 0 0 0
0.26 0.245225674 0 0 0
0.2633333333 0.2515538185 0 0 0
0.2666666667 0.2579625762 0 0 0
0.27 0.2644519473 0 0 0
0.2733333333 0.2710219317 0 0 0
0.2766666667 0.2776725293 0 0 0
0.28 0.2844037403 0 0 0
0.2833333333 0.2912155646 0 0 0
0.2866666667 0.2981080022 0 0 0
0.29 0.3050810531 0 0 0
0.2933333333 0.3121347173 0 0 0
0.2966666667 0.3192689948 0 0 0
0.3 0.3264838856 0 0 0
0.3033333333 0.3337793897 0 0 0
0.3066666667 0.3411555071 0 0 0
0.31 0.3486122378 0 0 0
0.3133333333 0.3561495818 0 0 0
0.3166666667 0.3637675392 0 0 0
0.32 0.3714661098 0 0 0
0.3233333333 0.3792452937 0 0 0
0.3266666667 0.387105091 0 0 0
0.33 0.3950455015 0 0 0
0.3333333333 0.4030665254 0 0 0
0.3366666667 0.4111681625 0 0 0
0.34 0.419350413 0 0 0
0.3433333333 0.4276132768 0 0 0
0.3466666667 0.4359567539 0 0 0
0.35 0.4443808442 0 0 0
0.3533333333 0.4528855479 0 0 0
0.3566666667 0.4614708649 0 0 0
0.36 0.4701367952 0 0 0
0.3633333333 0.4788833388 0 0 0
0.3666666667 0.4877104957 0 0 0
0.37 0.4966182659 0 0 0
0.3733333333 0.5056066494 0 0 0
0.3766666667 0.5146756463 0 0 0
0.38 0.5238252564 0 0 0
0.3833333333 0.5330554798 0 0 0
0.3866666667 0.5423663166 0 0 0
0.39 0.5517577666 0 0 0
0.3933333333 0.5612298299 0 0 0
0.3966666667 0.5707825066 0 0 0
0.4 0.5804157966 0 0 0
0.4033333333 0.5901296998 0 0 0
0.4066666667 0.5999242164 0 0 0
0.41 0.6097993463 0 0 0
0.4133333333 0.6197550894 0 0 0
0.4166666667 0.6297914459 0 0 0
0.42 0.6399084157 0 0 0
0.4233333333 0.6501059988 0 0 0
0.4266666667 0.6603841952 0 0 0
0.43 0.6707430049 0 0 0
0.4333333333 0.6811824279 0 0 0
0.4366666667 0.6917024642 0 0 0
0.44 0.7023031138 0 0 0
0.4433333333 0.7129843768 0 0 0
0.4466666667 0.723746253 0 0 0
0.45 0.7345887425 0 0 0
0.4533333333 0.7455118454 0 0 0
0.4566666667 0.7565155615 0 0 0
0.46 0.7675998909 0 0 0
0.4633333333 0.7787648337 0 0 0
0.4666666667 0.7900103898 0 0 0
0.47 0.8013365591 0 0 0
0.4733333333 0.8127433418 0 0 0
0.4766666667 0.8242307378 0 0 0
0.48 0.835798747 0 0 0
0.4833333333 0.8474473696 0 0 0
0.4866666667 0.8591766055 0 0 0
0.49 0.8709864547 0 0 0
0.4933333333 0.8828769172 0 0 0
0.4966666667 0.894847993 0 0 0
0.5 0.9068996821 0 0 0
0.5033333333 0.9154681427 0.00178192093 0 0
0.5066666667 0.9211414523 0.005051723971 0 0
0.51 0.9249343592 0.009302035035 0 0
0.5133333333 0.9272039153 0.01435432815 0 0
0.5166666667 0.9281539962 0.02010666552 0 0
0.52 0.9279205564 0.02649106988 0 0
0.5233333333 0.9266022567 0.03345821087 0 0
0.5266666667 0.9242746704 0.04097030181 0 0
0.53 0.920997913 0.0489972849 0 0
0.5333333333 0.9168211591 0.05751457296 0 0
0.5366666667 0.911785509 0.0665016157 0 0
0.54 0.9059259091 0.07594094007 0 0
0.5433333333 0.8992724905 0.08581748039 0 0
0.5466666667 0.8918515366 0.09611809504 0 0
0.55 0.8836861999 0.1068312077 0 0
0.5533333333 0.8747970471 0.1179465351 0 0
0.5566666667 0.8652024813 0.1294548757 0 0
0.56 0.8549190746 0.1413479433 0 0
0.5633333333 0.843961834 0.1536182346 0 0
0.5666666667 0.8323444178 0.1662589203 0 0
0.57 0.8200793116 0.1792637576 0 0
0.5733333333 0.8071779757 0.1926270165 0 0
0.5766666667 0.7936509673 0.2063434182 0 0
0.58 0.7797596596 0.2201564685 8.387187067e-05 0
0.5833333333 0.7660340232 0.2335407195 0.000425257234 0
0.5866666667 0.7524866968 0.2464877374 0.001025565833 0
0.59 0.7391137615 0.2590053597 0.001880878846 0
0.5933333333 0.7259115562 0.2711009086 0.002987535228 0
0.5966666667 0.7128766533 0.2827812395 0.004342107256 0
0.6 0.7000058369 0.294052784 0.005941379122 0
0.6033333333 0.6872960843 0.3049215876 0.007782328095 0
0.6066666667 0.6747445492 0.3153933429 0.009862107889 0
0.61 0.662348547 0.325473419 0.01217803391 0
0.6133333333 0.6501055418 0.3351668881 0.0147275701 0
0.6166666667 0.6380131341 0.3444785486 0.01750831725 0
0.62 0.6260690512 0.3534129464 0.02051800239 0
0.6233333333 0.6142711368 0.3619743938 0.02375446943 0
0.6266666667 0.6026173432 0.3701669862 0.02721567054 0
0.63 0.5911057232 0.3779946183 0.0308996585 0
0.6333333333 0.579734423 0.3854609973 0.03480457966 0
0.6366666667 0.5685016763 0.3925696561 0.0389286676 0
0.64 0.5574057981 0.3993239646 0.0432702373 0
0.6433333333 0.5464451795 0.4057271405 0.04782767993 0
0.6466666667 0.535618283 0.4117822591 0.05259945791 0
0.65 0.5249236378 0.4174922617 0.05758410053 0
0.6533333333 0.5143598359 0.4228599642 0.06278019985 0
0.6566666667 0.5039255286 0.4278880644 0.06818640697 0
0.66 0.4936194224 0.4325791491 0.07380142851 0
0.6633333333 0.4834402763 0.4369357002 0.07962402348 0
0.6666666667 0.4733868987 0.440960101 0.08565300029 0
0.67 0.4634581448 0.4446546412 0.09188721399 0
0.6733333333 0.4536529136 0.4480215226 0.09832556378 0
0.6766666667 0.4439701461 0.4510628633 0.1049669906 0
0.68 0.4344088229 0.4537807022 0.1118104749 0
0.6833333333 0.4249679618 0.4561770034 0.1188550348 0
0.6866666667 0.4156466166 0.4582536596 0.1260997238 0
0.69 0.4064438747 0.460012496 0.1335436293 0
0.6933333333 0.3973588555 0.4614552735 0.141185871 0
0.6966666667 0.3883907094 0.4625836917 0.1490255989 0
0.7 0.3795386155 0.4633993921 0.1570619924 0
0.7033333333 0.3708017808 0.4639039608 0.1652942585 0
0.7066666667 0.3621794389 0.4640989306 0.1737216306 0
0.71 0.3536708484 0.4639857842 0.1823433674 0
0.7133333333 0.3452752922 0.4635659559 0.1911587519 0
0.7166666667 0.3369920762 0.462840834 0.2001670898 0
0.72 0.3288205282 0.4618117627 0.2093677091 0
0.7233333333 0.3207599973 0.4604800441 0.2187599586 0
0.7266666667 0.3128098524 0.45884694 0.2283432076 0
0.73 0.304969482 0.4569136736 0.2381168444 0
0.7333333333 0.297238293 0.4546814311 0.2480802759 0
0.7366666667 0.2896157102 0.452151363 0.2582329268 0
0.74 0.2821011752 0.4493245859 0.2685742389 0
0.7433333333 0.274694146 0.4462021839 0.2791036701 0
0.7466666667 0.2673940963 0.4427852095 0.2898206941 0
0.75 0.260200515 0.4390746851 0.3007247998 0
0.7533333333 0.2531129054 0.4350716042 0.3118154904 0
0.7566666667 0.2461307845 0.4307769323 0.3230922832 0
0.76 0.2392536831 0.4261916083 0.3345547087 0
0.7633333333 0.2324811446 0.421316545 0.3462023104 0
0.7666666667 0.225812725 0.4161526306 0.3580346443 0
0.77 0.2192479922 0.4107007294 0.3700512783 0
0.7733333333 0.2127865257 0.4049616825 0.3822517919 0
0.7766666667 0.2064279158 0.3989363087 0.3946357755 0
0.78 0.200171764 0.3926254056 0.4072028304 0
0.7833333333 0.1940176819 0.3860297499 0.4199525683 0
0.7866666667 0.1879652909 0.3791500984 0.4328846107 0
0.79 0.1820142224 0.3719871887 0.4459985889 0
0.7933333333 0.176164117 0.3645417397 0.4592941433 0
0.7966666667 0.170414624 0.3568144523 0.4727709237 0
0.8 0.1647654018 0.3488060101 0.4864285881 0
0.8033333333 0.159216117 0.3405170798 0.5002668031 0
0.8066666667 0.1537664444 0.3319483119 0.5142852437 0
0.81 0.1484160666 0.3231003412 0.5284835923 0
0.8133333333 0.1431646737 0.3139737871 0.5428615392 0
0.8166666667 0.1380119634 0.3045692545 0.557418782 0
0.82 0.1329576405 0.294887334 0.5721550255 0
0.8233333333 0.1280014165 0.2849286023 0.5870699812 0
0.8266666667 0.1231430098 0.2746936227 0.6021633675 0
0.83 0.1183821451 0.2641829457 0.6174349092 0
0.8333333333 0.1137185537 0.253397109 0.6328843373 0
0.8366666667 0.1091519726 0.2423366382 0.6485113892 0
0.84 0.104682145 0.2310020472 0.6643158078 0
0.8433333333 0.1003088197 0.2193938382 0.6802973421 0
0.8466666667 0.09603175118 0.2075125025 0.6964557464 0
0.85 0.09185069915 0.1953585204 0.7127907805 0
0.8533333333 0.08776542869 0.1829323618 0.7293022095 0
0.8566666667 0.08377570995 0.1702344866 0.7459898035 0
0.86 0.07988131801 0.1572653444 0.7628533376 0
0.8633333333 0.07608203277 0.1440253755 0.7798925917 0
0.8666666667 0.07237763878 0.1307124832 0.7968440539 6.582412455e-05
0.87 0.06876792516 0.1197859072 0.8104290893 0.001017078355
0.8733333333 0.0652526854 0.1103022297 0.8219059325 0.00253915245
0.8766666667 0.06183171733 0.1017683153 0.8319324343 0.004467533124
0.88 0.0585048229 0.09397492274 0.8407879131 0.006732341287
0.8833333333 0.05527180816 0.08679728105 0.8486390535 0.009291857295
0.8866666667 0.05213248308 0.08015021894 0.8555997339 0.01211756404
0.89 0.0490866615 0.07397096355 0.8617539618 0.01518841313
0.8933333333 0.04613416099 0.06821087799 0.8671668904 0.01848807063
0.8966666667 0.04327480274 0.06283092186 0.8718908715 0.0220034039
0.9 0.04050841152 0.05779892009 0.8759690973 0.02572357107
0.9033333333 0.03783481554 0.05308780729 0.8794379414 0.02963943582
0.9066666667 0.03525384636 0.04867444093 0.882328541 0.03374317169
0.91 0.03276533884 0.04453876631 0.8846679112 0.03802798368
0.9133333333 0.03036913102 0.04066320978 0.8864797533 0.04248790594
0.9166666667 0.02806506406 0.0370322258 0.8877850594 0.04711765072
0.92 0.02585298215 0.0336319512 0.8886025736 0.05191249309
0.9233333333 0.02373273243 0.03044993603 0.8889491504 0.05686818117
0.9266666667 0.02170416494 0.02747493059 0.8888400394 0.06198086508
0.93 0.01976713251 0.02469671438 0.8882891132 0.06724703989
0.9333333333 0.01792149075 0.02210595704 0.887309053 0.07266349919
0.9366666667 0.01616709792 0.0196941039 0.8859115012 0.07822729694
0.94 0.01450381489 0.01745328083 0.8841071886 0.08393571569
0.9433333333 0.01293150509 0.01537621456 0.8819060404 0.08978623996
0.9466666667 0.01145003443 0.01345616515 0.8793172667 0.09577653372
0.95 0.01005927125 0.01168686852 0.8763494391 0.1019044212
0.9533333333 0.008759086277 0.01006248721 0.8730105562 0.1081678703
0.9566666667 0.007549352528 0.008577567726 0.8693081012 0.1145649786
0.96 0.006429945293 0.00722700363 0.8652490903 0.1210939608
0.9633333333 0.005400742072 0.006006003256 0.8608401166 0.127753138
0.9666666667 0.004461622517 0.004910061408 0.8560873878 0.1345409283
0.97 0.003612468393 0.003934934414 0.8509967589 0.1414558383
0.9733333333 0.002853163519 0.00307661805 0.8455737627 0.1484964557
0.9766666667 0.002183593732 0.002331327922 0.8398236353 0.1556614431
0.98 0.001603646833 0.001695481972 0.8337513397 0.1629495315
0.9833333333 0.001113212546 0.001165684817 0.8273615869 0.1703595157
0.9866666667 0.0007121824789 0.0007387136968 0.8206588547 0.1778902492
0.99 0.0004004500736 0.0004115058036 0.8136474042 0.1855406399
0.9933333333 0.0001779105721 0.0001811468501 0.8063312959 0.1933096467
0.9966666667 4.446097423e-05 4.486070778e-05 0.7987144029 0.2011962754
1 -6.661338148e-15 4.107825191e-15 0.7908004238 0.2091995762
1.003333333 -8.881784197e-16 0 0.7827699557 0.2172300443
1.006666667 1.110223025e-16 0 0.7748006382 0.2251993618
1.01 1.33226763e-15 -8.881784197e-16 0.7668916375 0.2331083625
1.013333333 0 0 0.7590421533 0.2409578467
1.016666667 7.771561172e-16 -5.551115123e-16 0.7512514174 0.2487485826
1.02 2.220446049e-16 0 0.7435186916 0.2564813084
1.023333333 2.220446049e-16 -4.440892099e-16 0.7358432661 0.2641567339
1.026666667 0 -4.440892099e-16 0.7282244578 0.2717755422
1.03 4.440892099e-16 -2.220446049e-16 0.7206616088 0.2793383912
1.033333333 0 2.220446049e-16 0.7131540854 0.2868459146
1.036666667 0 2.220446049e-16 0.7057012761 0.2942987239
1.04 -2.220446049e-16 -2.220446049e-16 0.6983025912 0.3016974088
1.043333333 -7.771561172e-16 5.551115123e-16 0.6909574613 0.3090425387
1.046666667 0 -3.330669074e-16 0.6836653363 0.3163346637
1.05 -1.110223025e-15 2.220446049e-16 0.6764256845 0.3235743155
1.053333333 1.221245327e-15 -9.992007222e-16 0.6692379918 0.3307620082
1.056666667 -5.551115123e-16 0 0.6621017606 0.3378982394
1.06 0 -4.440892099e-16 0.6550165094 0.3449834906
1.063333333 2.220446049e-16 0 0.6479817718 0.3520182282
1.066666667 4.440892099e-16 -4.440892099e-16 0.6409970957 0.3590029043
1.07 9.992007222e-16 -7.771561172e-16 0.6340620431 0.3659379569
1.073333333 9.992007222e-16 -2.220446049e-16 0.627176189 0.372823811
1.076666667 9.992007222e-16 -2.220446049e-16 0.6203391212 0.3796608788
1.08 -3.330669074e-16 0 0.6135504395 0.3864495605
1.083333333 6.661338148e-16 -2.220446049e-16 0.6068097553 0.3931902447
1.086666667 1.110223025e-16 -4.440892099e-16 0.6001166913 0.3998833087
1.09 -9.992007222e-16 4.440892099e-16 0.5934708806 0.4065291194
1.093333333 9.992007222e-16 -5.551115123e-16 0.5868719666 0.4131280334
1.096666667 5.551115123e-16 -5.551115123e-16 0.5803196028 0.4196803972
1.1 0 0 0.5738134516 0.4261865484
1.103333333 -5.551115123e-16 2.220446049e-16 0.5673531851 0.4326468149
1.106666667 6.661338148e-16 -4.440892099e-16 0.5609384836 0.4390615164
1.11 0 0 0.5545690362 0.4454309638
1.113333333 -9.992007222e-16 4.440892099e-16 0.5482445397 0.4517554603
1.116666667 -9.992007222e-16 4.440892099e-16 0.5419646989 0.4580353011
1.12 5.551115123e-16 -5.551115123e-16 0.5357292263 0.4642707737
1.123333333 8.881784197e-16 -4.440892099e-16 0.5295378411 0.4704621589
1.126666667 0 -4.440892099e-16 0.5233902701 0.4766097299
1.13 -1.554312234e-15 8.881784197e-16 0.5172862463 0.4827137537
1.133333333 -5.551115123e-16 0 0.5112255095 0.4887744905
1.136666667 -3.330669074e-16 4.440892099e-16 0.5052078056 0.4947921944
1.14 4.440892099e-16 -4.440892099e-16 0.4992328868 0.5007671132
1.143333333 0 5.551115123e-16 0.493300511 0.506699489
1.146666667 2.109423747e-15 -1.443289932e-15 0.4874104417 0.5125895583
1.15 2.109423747e-15 -1.443289932e-15 0.4815624479 0.5184375521
1.153333333 1.443289932e-15 -9.992007222e-16 0.475756304 0.524243696
1.156666667 0 4.440892099e-16 0.4699917896 0.5300082104
1.16 9.992007222e-16 -9.992007222e-16 0.4642686889 0.5357313111
1.163333333 -9.992007222e-16 0 0.4585867914 0.5414132086
1.166666667 9.992007222e-16 -5.551115123e-16 0.4529458908 0.5470541092
1.17 4.440892099e-16 0 0.4473457856 0.5526542144
1.173333333 1.443289932e-15 -5.551115123e-16 0.4417862786 0.5582137214
1.176666667 9.992007222e-16 -9.992007222e-16 0.4362671769 0.5637328231
1.18 0 -4.440892099e-16 0.4307882916 0.5692117084
1.183333333 9.992007222e-16 -9.992007222e-16 0.4253494378 0.5746505622
1.186666667 9.992007222e-16 -5.551115123e-16 0.4199504346 0.5800495654
1.19 -5.551115123e-16 0 0.4145911048 0.5854088952
1.193333333 -5.551115123e-16 0 0.4092712748 0.5907287252
1.196666667 9.992007222e-16 -9.992007222e-16 0.4039907746 0.5960092254
1.2 0 -4.440892099e-16 0.3987494377 0.6012505623
1.203333333 -8.881784197e-16 8.881784197e-16 0.3935471009 0.6064528991
1.206666667 4.440892099e-16 -4.440892099e-16 0.3883836042 0.6116163958
1.21 9.992007222e-16 -9.992007222e-16 0.3832587908 0.6167412092
1.213333333 9.992007222e-16 -9.992007222e-16 0.3781725071 0.6218274929
1.216666667 -1.554312234e-15 8.881784197e-16 0.3731246024 0.6268753976
1.22 9.992007222e-16 -5.551115123e-16 0.3681149289 0.6318850711
1.223333333 -5.551115123e-16 0 0.3631433416 0.6368566584
1.226666667 9.992007222e-16 -9.992007222e-16 0.3582096984 0.6417903016
1.23 9.992007222e-16 -5.551115123e-16 0.3533138598 0.6466861402
1.233333333 -4.440892099e-16 4.440892099e-16 0.348455689 0.651544311
1.236666667 2.109423747e-15 -1.443289932e-15 0.3436350515 0.6563649485
1.24 -9.992007222e-16 4.440892099e-16 0.3388518158 0.6611481842
1.243333333 -1.33226763e-15 8.881784197e-16 0.3341058522 0.6658941478
1.246666667 0 5.551115123e-16 0.3293970338 0.6706029662
1.25 -1.443289932e-15 9.992007222e-16 0.3247252359 0.6752747641
1.253333333 -1.998401444e-15 8.881784197e-16 0.320090336 0.679909664
1.256666667 0 0 0.3154922138 0.6845077862
1.26 -1.33226763e-15 8.881784197e-16 0.3109307512 0.6890692488
1.263333333 9.992007222e-16 -9.992007222e-16 0.306405832 0.693594168
1.266666667 -1.998401444e-15 8.881784197e-16 0.3019173423 0.6980826577
1.27 -1.998401444e-15 8.881784197e-16 0.29746517 0.70253483
1.273333333 9.992007222e-16 -9.992007222e-16 0.293049205 0.706950795
1.276666667 9.992007222e-16 -5.551115123e-16 0.2886693391 0.7113306609
1.28 9.992007222e-16 -5.551115123e-16 0.2843254659 0.7156745341
1.283333333 9.992007222e-16 -5.551115123e-16 0.2800174809 0.7199825191
1.286666667 -9.992007222e-16 4.440892099e-16 0.2757452813 0.7242547187
1.29 -5.551115123e-16 0 0.271508766 0.728491234
1.293333333 9.992007222e-16 -9.992007222e-16 0.2673078356 0.7326921644
1.296666667 -8.881784197e-16 8.881784197e-16 0.2631423924 0.7368576076
1.3 -2.664535259e-15 1.110223025e-15 0.2590123402 0.7409876598
1.303333333 1.998401444e-15 -1.110223025e-15 0.2549175845 0.7450824155
1.306666667 -2.109423747e-15 1.665334537e-15 0.2508580323 0.7491419677
1.31 9.992007222e-16 -5.551115123e-16 0.246833592 0.753166408
1.313333333 -1.665334537e-15 1.110223025e-15 0.2428441737 0.7571558263
1.316666667 -4.440892099e-16 4.440892099e-16 0.2388896886 0.7611103114
1.32 9.992007222e-16 -9.992007222e-16 0.2349700496 0.7650299504
1.323333333 9.992007222e-16 -5.551115123e-16 0.2310851708 0.7689148292
1.326666667 1.776356839e-15 -1.554312234e-15 0.2272349679 0.7727650321
1.33 -4.440892099e-16 4.440892099e-16 0.2234193576 0.7765806424
1.333333333 -9.992007222e-16 0 0.219638258 0.780361742
1.336666667 8.881784197e-16 0 0.2158915886 0.7841084114
1.34 -6.661338148e-16 1.443289932e-15 0.21217927 0.78782073
1.343333333 9.992007222e-16 -9.992007222e-16 0.208501224 0.791498776
1.346666667 -1.998401444e-15 8.881784197e-16 0.2048573737 0.7951426263
1.35 2.442490654e-15 -1.998401444e-15 0.2012476432 0.7987523568
1.353333333 2.220446049e-16 -8.881784197e-16 0.197671958 0.802328042
1.356666667 9.992007222e-16 -9.992007222e-16 0.1941302444 0.8058697556
1.36 -9.992007222e-16 0 0.19062243 0.80937757
1.363333333 -4.440892099e-16 4.440892099e-16 0.1871484434 0.8128515566
1.366666667 0 0 0.1837082142 0.8162917858
1.37 0 9.992007222e-16 0.1803016733 0.8196983267
1.373333333 2.220446049e-16 5.551115123e-16 0.1769287522 0.8230712478
1.376666667 1.998401444e-15 -1.998401444e-15 0.1735893837 0.8264106163
1.38 0 0 0.1702835014 0.8297164986
1.383333333 -8.881784197e-16 8.881784197e-16 0.16701104 0.83298896
1.386666667 0 9.992007222e-16 0.1637719349 0.8362280651
1.39 2.442490654e-15 -1.998401444e-15 0.1605661227 0.8394338773
1.393333333 6.661338148e-16 0 0.1573935407 0.8426064593
1.396666667 9.992007222e-16 -9.992007222e-16 0.1542541272 0.8457458728
1.4 0 0 0.1511478212 0.8488521788
1.403333333 0 9.992007222e-16 0.1480745628 0.8519254372
1.406666667 0 9.992007222e-16 0.1450342926 0.8549657074
1.41 8.881784197e-16 0 0.1420269523 0.8579730477
1.413333333 1.998401444e-15 -1.110223025e-15 0.1390524843 0.8609475157
1.416666667 2.442490654e-15 -1.998401444e-15 0.1361108318 0.8638891682
1.42 -3.330669074e-16 -4.440892099e-16 0.1332019388 0.8667980612
1.423333333 0 9.992007222e-16 0.1303257499 0.8696742501
1.426666667 9.992007222e-16 -9.992007222e-16 0.1274822106 0.8725177894
1.43 -1.221245327e-15 1.443289932e-15 0.1246712672 0.8753287328
1.433333333 0 0 0.1218928665 0.8781071335
1.436666667 9.992007222e-16 -2.109423747e-15 0.1191469562 0.8808530438
1.44 0 0 0.1164334845 0.8835665155
1.443333333 -1.221245327e-15 0 0.1137524004 0.8862475996
1.446666667 -1.998401444e-15 8.881784197e-16 0.1111036537 0.8888963463
1.45 -8.881784197e-16 8.881784197e-16 0.1084871947 0.8915128053
1.453333333 0 0 0.1059029742 0.8940970258
1.456666667 9.992007222e-16 -9.992007222e-16 0.1033509439 0.8966490561
1.46 0 -8.881784197e-16 0.100831056 0.899168944
1.463333333 0 0 0.0983432634 0.9016567366
1.466666667 0 -8.881784197e-16 0.09588751946 0.9041124805
1.47 -9.992007222e-16 9.992007222e-16 0.09346377824 0.9065362218
1.473333333 1.998401444e-15 -1.110223025e-15 0.09107199433 0.9089280057
1.476666667 0 0 0.08871212292 0.9112878771
1.48 0 0 0.08638411977 0.9136158802
1.483333333 -8.881784197e-16 8.881784197e-16 0.08408794115 0.9159120588
1.486666667 -8.881784197e-16 8.881784197e-16 0.08182354392 0.9181764561
1.49 0 0 0.07959088545 0.9204091145
1.493333333 9.992007222e-16 -9.992007222e-16 0.07738992365 0.9226100763
1.496666667 0 0 0.07522061693 0.9247793831
1.5 -8.881784197e-16 8.881784197e-16 0.07308292423 0.9269170758
1.503333333 -8.881784197e-16 8.881784197e-16 0.07097680498 0.929023195
1.506666667 0 -8.881784197e-16 0.06890221909 0.9310977809
1.51 0 0 0.06685912699 0.933140873
1.513333333 -9.992007222e-16 0 0.06484748955 0.9351525105
1.516666667 -8.881784197e-16 8.881784197e-16 0.06286726812 0.9371327319
1.52 9.992007222e-16 -9.992007222e-16 0.06091842454 0.9390815755
1.523333333 -8.881784197e-16 8.881784197e-16 0.05900092106 0.9409990789
1.526666667 -8.881784197e-16 0 0.05711472041 0.9428852796
1.53 0 1.110223025e-15 0.05525978574 0.9447402143
1.533333333 1.998401444e-15 -1.998401444e-15 0.05343608066 0.9465639193
1.536666667 0 -8.881784197e-16 0.05164356918 0.9483564308
1.54 -1.998401444e-15 8.881784197e-16 0.04988221575 0.9501177842
1.543333333 0 -1.110223025e-15 0.04815198521 0.9518480148
1.546666667 0 0 0.04645284284 0.9535471572
1.55 0 0 0.04478475429 0.9552152457
1.553333333 0 -8.881784197e-16 0.04314768562 0.9568523144
1.556666667 4.440892099e-16 -4.440892099e-16 0.04154160328 0.9584583967
1.56 1.998401444e-15 -1.110223025e-15 0.0399664741 0.9600335259
1.563333333 0 0 0.03842226529 0.9615777347
1.566666667 -9.992007222e-16 0 0.03690894444 0.9630910556
1.57 8.881784197e-16 0 0.03542647948 0.9645735205
1.573333333 -8.881784197e-16 8.881784197e-16 0.03397483872 0.9660251613
1.576666667 -9.992007222e-16 -1.110223025e-15 0.03255399083 0.9674460092
1.58 9.992007222e-16 -9.992007222e-16 0.03116390482 0.9688360952
1.583333333 8.881784197e-16 0 0.02980455005 0.97019545
1.586666667 0 -1.998401444e-15 0.02847589621 0.9715241038
1.59 -9.992007222e-16 -1.110223025e-15 0.02717791334 0.9728220867
1.593333333 -9.992007222e-16 0 0.0259105718 0.9740894282
1.596666667 -8.881784197e-16 0 0.02467384228 0.9753261577
1.6 9.992007222e-16 -9.992007222e-16 0.02346769579 0.9765323042
1.603333333 0 0 0.02229210365 0.9777078964
1.606666667 0 0 0.0211470375 0.9788529625
1.61 0 0 0.02003246929 0.9799675307
1.613333333 -9.992007222e-16 -1.110223025e-15 0.01894837125 0.9810516287
1.616666667 0 0 0.01789471594 0.9821052841
1.62 0 0 0.0168714762 0.9831285238
1.623333333 0 0 0.01587862515 0.9841213749
1.626666667 0 0 0.0149161362 0.9850838638
1.63 0 1.998401444e-15 0.01398398306 0.9860160169
1.633333333 0 -1.998401444e-15 0.01308213971 0.9869178603
1.636666667 -9.992007222e-16 0 0.01221058038 0.9877894196
1.64 8.881784197e-16 0 0.0113692796 0.9886307204
1.643333333 8.881784197e-16 0 0.01055821215 0.9894417878
1.646666667 9.992007222e-16 -9.992007222e-16 0.009777353097 0.9902226469
1.65 -8.881784197e-16 8.881784197e-16 0.009026677734 0.9909733223
1.653333333 0 0 0.008306161631 0.9916938384
1.656666667 -1.998401444e-15 8.881784197e-16 0.007615780605 0.9923842194
1.66 -9.992007222e-16 -1.110223025e-15 0.006955510722 0.9930444893
1.663333333 1.998401444e-15 -3.108624469e-15 0.006325328295 0.9936746717
1.666666667 -8.881784197e-16 8.881784197e-16 0.005725209879 0.9942747901
1.67 0 -8.881784197e-16 0.005155132266 0.9948448677
1.673333333 9.992007222e-16 -9.992007222e-16 0.004615072487 0.9953849275
1.676666667 1.998401444e-15 -3.108624469e-15 0.004105007804 0.9958949922
1.68 8.881784197e-16 0 0.003624915708 0.9963750843
1.683333333 0 -8.881784197e-16 0.00317477392 0.9968252261
1.686666667 -8.881784197e-16 0 0.002754560381 0.9972454396
1.69 0 -1.998401444e-15 0.002364253255 0.9976357467
1.693333333 9.992007222e-16 -9.992007222e-16 0.002003830923 0.9979961691
1.696666667 0 -1.998401444e-15 0.001673271981 0.998326728
1.7 8.881784197e-16 1.110223025e-15 0.001372555238 0.9986274448
1.703333333 0 0 0.001101659711 0.9988983403
1.706666667 0 -8.881784197e-16 0.0008605646262 0.9991394354
1.71 0 9.992007222e-16 0.0006492494112 0.9993507506
1.713333333 0 9.992007222e-16 0.000467693697 0.9995323063
1.716666667 0 -8.881784197e-16 0.000315877313 0.9996841227
1.72 0 0 0.0001937802848 0.9998062197
1.723333333 -9.992007222e-16 0 0.0001013828323 0.9998986172
1.726666667 0 9.992007222e-16 3.866536653e-05 0.9999613346
1.73 0 9.992007222e-16 5.608487757e-06 0.9999943915
1.733333333 6.661338148e-16 0 -2.220446049e-16 1
1.736666667 6.661338148e-16 0 -2.220446049e-16 1
1.74 6.661338148e-16 0 -2.220446049e-16 1
1.743333333 6.661338148e-16 0 -2.220446049e-16 1
1.746666667 6.661338148e-16 0 -2.220446049e-16 1
1.75 6.661338148e-16 0 -2.220446049e-16 1
1.753333333 6.661338148e-16 0 -2.220446049e-16 1
1.756666667 6.661338148e-16 0 -2.220446049e-16 1
1.76 6.661338148e-16 0 -2.220446049e-16 1
1.763333333 6.661338148e-16 0 -2.220446049e-16 1
1.766666667 6.661338148e-16 0 -2.220446049e-16 1
1.77 6.661338148e-16 0 -2.220446049e-16 1
1.773333333 6.661338148e-16 0 -2.220446049e-16 1
1.776666667 6.661338148e-16 0 -2.220446049e-16 1
1.78 6.661338148e-16 0 -2.220446049e-16 1
1.783333333 6.661338148e-16 0 -2.220446049e-16 1
1.786666667 6.661338148e-16 0 -2.220446049e-16 1
1.79 6.661338148e-16 0 -2.220446049e-16 1
1.793333333 6.661338148e-16 0 -2.220446049e-16 1
1.796666667 6.661338148e-16 0 -2.220446049e-16 1
1.8 6.661338148e-16 0 -2.220446049e-16 1
