0 0 0 0 0
0.003333333333 0.0001047197551 0 0 0
0.006666666667 0.0004188790205 0 0 0
0.01 0.0009424777961 0 0 0
0.01333333333 0.001675516082 0 0 0
0.01666666667 0.002617993878 0 0 0
0.02 0.003769911184 0 0 0
0.02333333333 0.005131268001 0 0 0
0.02666666667 0.006702064328 0 0 0
0.03 0.008482300165 0 0 0
0.03333333333 0.01047197551 0 0 0
0.03666666667 0.01267109037 0 0 0
0.04 0.01507964474 0 0 0
0.04333333333 0.01769763862 0 0 0
0.04666666667 0.020525072 0 0 0
0.05 0.0235619449 0 0 0
0.05333333333 0.02680825731 0 0 0
0.05666666667 0.03026400923 0 0 0
0.06 0.03392920066 0 0 0
0.06333333333 0.0378038316 0 0 0
0.06666666667 0.04188790205 0 0 0
0.07 0.04618141201 0 0 0
0.07333333333 0.05068436148 0 0 0
0.07666666667 0.05539675046 0 0 0
0.08 0.06031857895 0 0 0
0.08333333333 0.06544984695 0 0 0
0.08666666667 0.07079055446 0 0 0
0.09 0.07634070148 0 0 0
0.09333333333 0.08210028801 0 0 0
0.09666666667 0.08806931406 0 0 0
0.1 0.09424777961 0 0 0
0.1033333333 0.1006356847 0 0 0
0.1066666667 0.1072330292 0 0 0
0.11 0.1140398133 0 0 0
0.1133333333 0.1210560369 0 0 0
0.1166666667 0.1282817 0 0 0
0.12 0.1357168026 0 0 0
0.1233333333 0.1433613448 0 0 0
0.1266666667 0.1512153264 0 0 0
0.13 0.1592787475 0 0 0
0.1333333333 0.1675516082 0 0 0
0.1366666667 0.1760339084 0 0 0
0.14 0.184725648 0 0 0
0.1433333333 0.1936268272 0 0 0
0.1466666667 0.2027374459 0 0 0
0.15 0.2120575041 0 0 0
0.1533333333 0.2215870018 0 0 0
0.1566666667 0.2313259391 0 0 0
0.16 0.2412743158 0 0 0
0.1633333333 0.251432132 0 0 0
0.1666666667 0.2617993878 0 0 0
0.17 0.2723760831 0 0 0
0.1733333333 0.2831622178 0 0 0
0.1766666667 0.2941577921 0 0 0
0.18 0.3041947544 0.0005840257853 0 0
0.1833333333 0.313366566 0.001705346642 0 0
0.1866666667 0.3220421675 0.003179492298 0 0
0.19 0.3303411192 0.004946682587 0 0
0.1933333333 0.3383297543 0.006973750936 0 0
0.1966666667 0.3460512603 0.009239103617 0 0
0.2 0.3535362984 0.01172741004 0 0
0.2033333333 0.3608078726 0.01442716809 0 0
0.2066666667 0.3678839212 0.01732940875 0 0
0.21 0.3747788371 0.0204269355 0 0
0.2133333333 0.3815044266 0.02371384518 0 0
0.2166666667 0.3880705461 0.02718520963 0 0
0.22 0.3944855433 0.03083685502 0 0
0.2233333333 0.4007565731 0.0346652038 0 0
0.2266666667 0.4068898312 0.03866715822 0 0
0.23 0.4128907292 0.04284001247 0 0
0.2333333333 0.4187640299 0.0471813851 0 0
0.2366666667 0.4245139532 0.05168916618 0 0
0.24 0.4301442601 0.05636147523 0 0
0.2433333333 0.43565832 0.0611966275 0 0
0.2466666667 0.4410591663 0.06619310639 0 0
0.25 0.4463495408 0.07134954085 0 0
0.2533333333 0.4516204352 0.07625585842 0 0
0.2566666667 0.4569611427 0.0809252083 0 0
0.26 0.4623716634 0.08545983509 0 0
0.2633333333 0.4678519972 0.08989522039 0 0
0.2666666667 0.4734021443 0.09425138748 0 0
0.27 0.4790221044 0.09854153917 0 0
0.2733333333 0.4847118778 0.1027751518 0 0
0.2766666667 0.4904714643 0.1069594064 0 0
0.28 0.496300864 0.1110999549 0 0
0.2833333333 0.5022000769 0.1152013729 0 0
0.2866666667 0.508169103 0.1192674455 0 0
0.29 0.5142079422 0.1233013588 0 0
0.2933333333 0.5203165945 0.1273058328 0 0
0.2966666667 0.5264950601 0.1312832169 0 0
0.3 0.5327433388 0.1352355608 0 0
0.3033333333 0.5390614307 0.1391646678 0 0
0.3066666667 0.5454493358 0.1430721367 0 0
0.31 0.551907054 0.1469593937 0 0
0.3133333333 0.5584345854 0.1508277188 0 0
0.3166666667 0.56503193 0.1546782661 0 0
0.32 0.5716990877 0.1585120817 0 0
0.3233333333 0.5784360586 0.1623301172 0 0
0.3266666667 0.5852428427 0.1661332415 0 0
0.33 0.59211944 0.169922251 0 0
0.3333333333 0.5990658504 0.1736978777 0 0
0.3366666667 0.606082074 0.1774607966 0 0
0.34 0.6131681108 0.1812116315 0 0
0.3433333333 0.6203239607 0.1849509604 0 0
0.3466666667 0.6275496238 0.1886793203 0 0
0.35 0.6348451001 0.1923972107 0 0
0.3533333333 0.6422103895 0.1961050979 0 0
0.3566666667 0.6488447118 0.2002134718 0 0
0.36 0.6547316768 0.2047432555 0 0
0.3633333333 0.6601561766 0.2095522427 0 0
0.3666666667 0.6652083708 0.2145955328 0 0
0.37 0.6699388507 0.2198479989 0 0
0.3733333333 0.674381044 0.225293086 0 0
0.3766666667 0.6785590617 0.2309188884 0 0
0.38 0.6824912893 0.2367163548 0 0
0.3833333333 0.6861922994 0.2426783325 0 0
0.3866666667 0.689673976 0.248799006 0 0
0.39 0.6929462259 0.2550735419 0 0
0.3933333333 0.6960174518 0.2614978523 0 0
0.3966666667 0.6979192146 0.2685562647 0 0
0.4 0.6954174819 0.2778658977 0 0
0.4033333333 0.6902989661 0.2885334927 0 0
0.4066666667 0.6831595379 0.3002612071 0 0
0.41 0.6742840209 0.3129067174 0 0
0.4133333333 0.6638489662 0.3263818324 0 0
0.4166666667 0.6519774154 0.3406251116 0 0
0.42 0.6390551638 0.3554437341 0 0
0.4233333333 0.6254261877 0.3706657852 0 0
0.4266666667 0.61112057 0.3862762935 0 0
0.43 0.5961633071 0.402262828 0 0
0.4333333333 0.5805755652 0.4186148697 0 0
0.4366666667 0.5643755407 0.435323382 0 0
0.44 0.5475790717 0.4523805049 0 0
0.4433333333 0.5302618345 0.469717583 2.05825913e-05 0
0.4466666667 0.5129569092 0.4868077685 0.0002353223013 0
0.45 0.4957798871 0.503541045 0.0006790679119 0
0.4533333333 0.4787256495 0.5199275495 0.001346800919 0
0.4566666667 0.4617895565 0.5359764659 0.002233977626 0
0.46 0.4449673807 0.5516961558 0.003336463472 0
0.4633333333 0.428255254 0.5670942667 0.004650479297 0
0.4666666667 0.4116496224 0.5821778207 0.006172556903 0
0.47 0.3951472088 0.5969532893 0.007899501914 0
0.4733333333 0.3787449819 0.6114266556 0.009828362492 0
0.4766666667 0.362440129 0.6256034682 0.01195640275 0
0.48 0.3462300335 0.6394888865 0.01428107998 0
0.4833333333 0.3301122549 0.65308772 0.01680002512 0
0.4866666667 0.3140845118 0.6664044625 0.01951102571 0
0.49 0.2981446672 0.6794433217 0.02241201111 0
0.4933333333 0.282290715 0.6922082455 0.02550103956 0
0.4966666667 0.2665207689 0.7047029443 0.02877628678 0
0.5 0.250833052 0.7169309121 0.03223603585 0
0.5033333333 0.2362546804 0.7268378588 0.03690746084 0
0.5066666667 0.2226143066 0.7347664231 0.04261927036 0
0.51 0.2096174991 0.7413054137 0.04907708719 0
0.5133333333 0.1971597656 0.7466637627 0.05617647162 0
0.5166666667 0.1851809051 0.7509618216 0.06385727334 0
0.52 0.1736403911 0.7542805937 0.07207901519 0
0.5233333333 0.1625085257 0.7566794271 0.08081204711 0
0.5266666667 0.1517623347 0.7582042245 0.09003344087 0
0.53 0.1413833602 0.7588918561 0.09972478367 0
0.5333333333 0.1322621549 0.7569611737 0.1107766714 0
0.5366666667 0.1244505798 0.7523084128 0.1232410075 0
0.54 0.1175648226 0.7457011571 0.1367340203 0
0.5433333333 0.1114812572 0.7373866192 0.1511321236 0
0.5466666667 0.1061277665 0.7275089948 0.1663632387 0
0.55 0.1014548205 0.7161673066 0.1823778729 0
0.5533333333 0.09742537572 0.703435605 0.1991390192 0
0.5566666667 0.09401022557 0.6893722681 0.2166175063 0
0.56 0.09116238925 0.6740943336 0.2347201665 2.311059288e-05
0.5633333333 0.0884906051 0.6587555301 0.2523132947 0.0004405701577
0.5666666667 0.08586097577 0.6437403864 0.2690294924 0.001369145397
0.57 0.08327333435 0.6290344879 0.2848980585 0.00279411925
0.5733333333 0.08072751942 0.6146251945 0.2999447265 0.004702559503
0.5766666667 0.07822337482 0.6005013081 0.3141923317 0.0070829854
0.58 0.0757607494 0.5866528219 0.3276613118 0.009925116981
0.5833333333 0.07333949684 0.5730707282 0.3403700928 0.01321968217
0.5866666667 0.0709594754 0.5597468675 0.3523353918 0.01695826532
0.59 0.06862054778 0.5466738075 0.3635724585 0.02113318628
0.5933333333 0.06632258088 0.5338447456 0.3740952711 0.02573740244
0.5966666667 0.06406544568 0.521253429 0.3839166972 0.0307644282
0.6 0.06184901705 0.5088940879 0.3930486268 0.03620826831
0.6033333333 0.0596731736 0.49676138 0.4015020846 0.04206336177
0.6066666667 0.05753779752 0.4848503435 0.4092873245 0.04832453451
0.61 0.05544277445 0.4731563565 0.4164139101 0.05498695895
0.6133333333 0.05338799337 0.461675103 0.4228907844 0.06204611925
0.6166666667 0.05137334642 0.4504025428 0.4287263295 0.06949778131
0.62 0.04939872882 0.4393348856 0.433928419 0.07733796655
0.6233333333 0.04746403876 0.4284685686 0.4385044635 0.08556292909
0.6266666667 0.04556917726 0.4178002362 0.442461451 0.09416913559
0.63 0.04371404807 0.4073267225 0.4458059819 0.1031532475
0.6333333333 0.04189855761 0.3970450359 0.4485443013 0.1125121052
0.6366666667 0.04012261481 0.386952345 0.4506823262 0.1222427139
0.64 0.03838613108 0.3770459663 0.4522256713 0.1323422313
0.6433333333 0.0366890202 0.367323353 0.4531796709 0.1428079559
0.6466666667 0.03503119821 0.3577820847 0.4535493999 0.1536373172
0.65 0.03341258338 0.348419859 0.4533396914 0.1648278662
0.6533333333 0.0318330961 0.3392344828 0.452555154 0.1763772671
0.6566666667 0.03029265882 0.3302238649 0.4512001862 0.1882832902
0.66 0.02879119598 0.3213860093 0.4492789906 0.2005438041
0.6633333333 0.02732863392 0.3127190091 0.4467955865 0.2131567704
0.6666666667 0.02590490087 0.304221041 0.443753821 0.2261202372
0.67 0.02451992685 0.2958903595 0.4401573797 0.239432334
0.6733333333 0.02317364359 0.2877252929 0.4360097963 0.2530912672
0.6766666667 0.02186598453 0.2797242385 0.4313144619 0.2670953151
0.68 0.02059688474 0.2718856586 0.4260746326 0.2814428241
0.6833333333 0.01936628083 0.2642080769 0.4202934374 0.2961322048
0.6866666667 0.01817411099 0.2566900752 0.4139738854 0.3111619285
0.69 0.01702031483 0.2493302896 0.4071188718 0.3265305237
0.6933333333 0.01590483345 0.2421274084 0.3997311846 0.3422365736
0.6966666667 0.0148276093 0.2350801685 0.3918135096 0.3582787126
0.7 0.01378858617 0.2281873537 0.383368436 0.3746556241
0.7033333333 0.0127877092 0.2214477915 0.3743984614 0.3913660379
0.7066666667 0.01182492474 0.2148603515 0.3649059957 0.4084087281
0.71 0.01090018042 0.2083905054 0.3559486787 0.4247606355
0.7133333333 0.01001342501 0.2019828813 0.3477978899 0.4402058038
0.7166666667 0.009164608488 0.1956360881 0.3400007993 0.4551985041
0.72 0.008353681913 0.1893495314 0.3324230635 0.4698737231
0.7233333333 0.007580597455 0.1831226372 0.3249906272 0.4843061381
0.7266666667 0.006845308338 0.176954851 0.3176550683 0.4985447724
0.73 0.006147768815 0.170845637 0.3103817491 0.5126248452
0.7333333333 0.005487934136 0.1647944772 0.303144454 0.5265731347
0.7366666667 0.004865760523 0.1588008706 0.295922554 0.5404108149
0.74 0.004281205144 0.1528643323 0.2886993447 0.5541551178
0.7433333333 0.00373422608 0.146984393 0.2814610007 0.5678203802
0.7466666667 0.003224782308 0.1411605981 0.2741958788 0.5814187408
0.75 0.002752833671 0.1353925072 0.2668940345 0.5949606247
0.7533333333 0.002318340855 0.1302648306 0.2596356329 0.6077811957
0.7566666667 0.00192126537 0.1256277835 0.2525014188 0.6199495324
0.76 0.001561569521 0.1213011824 0.2454840385 0.6316532096
0.7633333333 0.001239216394 0.1172213158 0.2385769107 0.6429625571
0.7666666667 0.0009541698313 0.11335165 0.2317741068 0.6539200734
0.77 0.0007063944108 0.1096677209 0.2250702563 0.6645556283
0.7733333333 0.0004958554293 0.1061517028 0.2184604695 0.6748919723
0.7766666667 0.0003225188823 0.1027898853 0.2119402745 0.6849473213
0.78 0.000186351446 0.09957131858 0.2055055647 0.6947367652
0.7833333333 8.732046021e-05 0.09648700954 0.1991525557 0.7042731143
0.7866666667 2.5393911e-05 0.09352941173 0.1928777476 0.7135674467
0.79 5.40414395e-07 0.09069208322 0.1866778945 0.7226294818
0.7933333333 -3.108624469e-15 0.08794444669 0.1805877076 0.7314678457
0.7966666667 -5.329070518e-15 0.08523752045 0.1746722124 0.7400902671
0.8 -3.663735981e-15 0.08257014939 0.1689261253 0.7485037253
0.8033333333 -8.881784197e-16 0.07994226482 0.16334317 0.7567145652
0.8066666667 2.220446049e-15 0.07735379943 0.1579176127 0.7647285879
0.81 -3.108624469e-15 0.0748046873 0.1526441885 0.7725511241
0.8133333333 8.881784197e-16 0.07229486385 0.1475180427 0.7801870935
0.8166666667 5.329070518e-15 0.06982426579 0.1425346804 0.7876410538
0.82 -4.440892099e-16 0.06739283108 0.1376899265 0.7949172425
0.8233333333 -1.33226763e-15 0.06500049894 0.1329798902 0.8020196109
0.8266666667 -8.10462808e-15 0.06264720978 0.128400936 0.8089518543
0.83 -4.996003611e-15 0.06033290517 0.1239496577 0.8157174371
0.8333333333 -3.108624469e-15 0.05805752784 0.1196228572 0.822319615
0.8366666667 -3.663735981e-15 0.05582102162 0.1154175248 0.8287614536
0.84 7.105427358e-15 0.05362333142 0.1113308228 0.8350458458
0.8433333333 4.884981308e-15 0.05146440322 0.1073600709 0.8411755259
0.8466666667 1.776356839e-15 0.04934418401 0.103502733 0.847153083
0.85 1.110223025e-15 0.04726262181 0.09975640561 0.8529809726
0.8533333333 -6.883382753e-15 0.0452196656 0.0961188079 0.8586615265
0.8566666667 -2.220446049e-15 0.04321526534 0.09258777219 0.8641969625
0.86 3.552713679e-15 0.04124937189 0.08916123578 0.8695893923
0.8633333333 -9.769962617e-15 0.03932193705 0.08583723348 0.8748408295
0.8666666667 3.108624469e-15 0.03743291349 0.08261389087 0.8799531956
0.87 -2.331468352e-15 0.03558225478 0.07948941818 0.884928327
0.8733333333 -7.549516567e-15 0.03376991529 0.07646210468 0.88976798
0.8766666667 2.664535259e-15 0.03199585026 0.07353031367 0.8944738361
0.88 -1.33226763e-15 0.03026001571 0.0706924778 0.8990475065
0.8833333333 1.998401444e-15 0.02856236847 0.0679470948 0.9034905367
0.8866666667 -1.842970221e-14 0.02690799601 0.06527733399 0.90781467
0.89 -2.220446049e-16 0.02530604843 0.06265423665 0.9120397149
0.8933333333 5.773159728e-15 0.02375634844 0.06007688278 0.9161667688
0.8966666667 1.776356839e-15 0.02225852948 0.05754497357 0.9201964969
0.9 -3.108624469e-15 0.02081223713 0.05505822431 0.9241295386
0.9033333333 5.107025913e-15 0.01941712855 0.05261636339 0.9279665081
0.9066666667 -2.220446049e-15 0.01807287196 0.05021913144 0.9317079966
0.91 1.776356839e-15 0.0167791461 0.04786628054 0.9353545734
0.9133333333 -1.554312234e-15 0.01553563978 0.04555757351 0.9389067867
0.9166666667 -4.440892099e-16 0.01434205145 0.04329278319 0.9423651654
0.92 3.996802889e-15 0.01319808873 0.04107169187 0.9457302194
0.9233333333 1.776356839e-15 0.01210346808 0.03889409071 0.9490024412
0.9266666667 3.774758284e-15 0.01105791435 0.03675977922 0.9521823064
0.93 -5.329070518e-15 0.01006116051 0.03466856477 0.9552702747
0.9333333333 -5.995204333e-15 0.009112947255 0.03262026214 0.9582667906
0.9366666667 2.664535259e-15 0.008213022708 0.03061469313 0.9611722842
0.94 -5.329070518e-15 0.007361142135 0.02865168616 0.9639871717
0.9433333333 1.865174681e-14 0.006557067643 0.02673107591 0.9667118565
0.9466666667 -2.664535259e-15 0.005800567926 0.02485270299 0.9693467291
0.95 -4.662936703e-15 0.005091418002 0.02301641365 0.9718921683
0.9533333333 -3.108624469e-15 0.004429398973 0.02122205948 0.9743485415
0.9566666667 -1.998401444e-15 0.003814297798 0.01946949713 0.9767162051
0.96 -7.993605777e-15 0.003245907074 0.01775858808 0.9789955049
0.9633333333 -5.107025913e-15 0.002724024827 0.01608919838 0.9811867768
0.9666666667 5.107025913e-15 0.002248454313 0.01446119846 0.9832903472
0.97 -8.881784197e-15 0.001819003836 0.01287446292 0.9853065332
0.9733333333 -1.110223025e-15 0.001435486559 0.0113288703 0.9872356431
0.9766666667 1.487698853e-14 0.001097720343 0.009824302954 0.9890779767
0.98 1.598721155e-14 0.0008055275752 0.008360646833 0.9908338256
0.9833333333 -3.330669074e-15 0.0005587350178 0.006937791349 0.9925034736
0.9866666667 -3.774758284e-15 0.0003571736579 0.005555629218 0.9940871971
0.99 -1.199040867e-14 0.0002006785649 0.004214056317 0.9955852651
0.9933333333 -1.7985613e-14 8.908875457e-05 0.00291297155 0.9969979397
0.9966666667 0 2.224705855e-05 0.001652276721 0.9983254762
1 3.996802889e-15 -5.329070518e-15 0.0004318764125 0.9995681236
1.003333333 -1.776356839e-14 1.776356839e-14 4.965154421e-07 0.9999995035
1.006666667 -6.217248938e-15 3.552713679e-15 0 1
1.01 -1.509903313e-14 1.243449788e-14 -2.664535259e-15 1
1.013333333 -3.996802889e-15 8.881784197e-15 -7.993605777e-15 1
1.016666667 -4.440892099e-16 5.329070518e-15 -3.552713679e-15 1
1.02 5.329070518e-15 -3.552713679e-15 5.329070518e-15 1
1.023333333 1.065814104e-14 -1.598721155e-14 7.105427358e-15 1
1.026666667 -4.440892099e-16 3.552713679e-15 -2.664535259e-15 1
1.03 -3.996802889e-15 -1.776356839e-15 6.217248938e-15 1
1.033333333 -2.176037128e-14 2.309263891e-14 -7.993605777e-15 1
1.036666667 4.884981308e-15 -5.329070518e-15 3.552713679e-15 1
1.04 6.217248938e-15 -8.881784197e-15 7.105427358e-15 1
1.043333333 -5.329070518e-15 1.065814104e-14 -1.065814104e-14 1
1.046666667 -1.421085472e-14 1.421085472e-14 -7.993605777e-15 1
1.05 -6.217248938e-15 5.329070518e-15 -3.552713679e-15 1
1.053333333 8.437694987e-15 -3.552713679e-15 -5.329070518e-15 1
1.056666667 1.687538997e-14 -2.486899575e-14 1.776356839e-14 1
1.06 3.108624469e-15 -7.105427358e-15 7.105427358e-15 1
1.063333333 -2.220446049e-15 -1.776356839e-15 5.329070518e-15 1
1.066666667 5.329070518e-15 -5.329070518e-15 1.776356839e-15 1
1.07 1.776356839e-15 -3.552713679e-15 1.776356839e-15 1
1.073333333 -1.776356839e-15 3.552713679e-15 -3.552713679e-15 1
1.076666667 -1.776356839e-15 5.329070518e-15 -3.552713679e-15 1
1.08 3.108624469e-15 7.105427358e-15 -1.243449788e-14 1
1.083333333 8.881784197e-16 0 0 1
1.086666667 8.881784197e-16 5.329070518e-15 -7.105427358e-15 1
1.09 -3.108624469e-15 7.105427358e-15 -5.329070518e-15 1
1.093333333 8.881784197e-16 5.329070518e-15 -7.105427358e-15 1
1.096666667 0 1.776356839e-15 -1.776356839e-15 1
1.1 -7.105427358e-15 8.881784197e-15 0 1
1.103333333 4.440892099e-16 -3.552713679e-15 5.329070518e-15 1
1.106666667 -3.108624469e-15 -1.776356839e-15 7.105427358e-15 1
1.11 -8.881784197e-16 0 -1.776356839e-15 1
1.113333333 1.065814104e-14 -7.105427358e-15 0 1
1.116666667 4.440892099e-15 -3.552713679e-15 0 1
1.12 -2.664535259e-15 -3.552713679e-15 3.552713679e-15 1
1.123333333 -4.440892099e-16 1.776356839e-14 -2.131628207e-14 1
1.126666667 -7.993605777e-15 1.421085472e-14 -5.329070518e-15 1
1.13 1.953992523e-14 -2.664535259e-14 1.065814104e-14 1
1.133333333 -8.881784197e-16 0 0 1
1.136666667 8.881784197e-15 -8.881784197e-15 3.552713679e-15 1
1.14 1.243449788e-14 -1.598721155e-14 7.105427358e-15 1
1.143333333 -1.33226763e-15 1.776356839e-15 -1.776356839e-15 1
1.146666667 6.217248938e-15 -8.881784197e-15 0 1
1.15 4.440892099e-15 -1.598721155e-14 1.243449788e-14 1
1.153333333 1.731947918e-14 -1.421085472e-14 3.552713679e-15 1
1.156666667 4.440892099e-15 -1.065814104e-14 8.881784197e-15 1
1.16 -2.664535259e-15 -7.105427358e-15 8.881784197e-15 1
1.163333333 -1.065814104e-14 1.776356839e-14 -7.105427358e-15 1
1.166666667 -7.105427358e-15 7.105427358e-15 -5.329070518e-15 1
1.17 -4.440892099e-15 1.243449788e-14 -1.065814104e-14 1
1.173333333 4.440892099e-15 -7.105427358e-15 8.881784197e-15 1
1.176666667 1.776356839e-14 -1.776356839e-14 8.881784197e-15 1
1.18 7.993605777e-15 -8.881784197e-15 1.776356839e-15 1
1.183333333 6.217248938e-15 -7.105427358e-15 7.105427358e-15 1
1.186666667 -8.881784197e-16 0 0 1
1.19 -1.776356839e-15 5.329070518e-15 -3.552713679e-15 1
1.193333333 2.131628207e-14 -2.842170943e-14 1.953992523e-14 1
1.196666667 -2.131628207e-14 2.842170943e-14 -2.131628207e-14 1
1.2 3.552713679e-15 -7.105427358e-15 5.329070518e-15 1
1.203333333 -1.687538997e-14 2.486899575e-14 -8.881784197e-15 1
1.206666667 -6.217248938e-15 3.552713679e-15 -1.776356839e-15 1
1.21 1.687538997e-14 -1.776356839e-14 7.105427358e-15 1
1.213333333 0 7.105427358e-15 -1.421085472e-14 1
1.216666667 -1.065814104e-14 1.421085472e-14 -1.065814104e-14 1
1.22 0 3.552713679e-15 -3.552713679e-15 1
1.223333333 3.552713679e-15 -1.421085472e-14 1.598721155e-14 1
1.226666667 -1.687538997e-14 2.131628207e-14 -1.598721155e-14 1
1.23 -1.065814104e-14 7.105427358e-15 1.776356839e-15 1
1.233333333 1.065814104e-14 -7.105427358e-15 -5.329070518e-15 1
1.236666667 -1.776356839e-15 -3.552713679e-15 7.105427358e-15 1
1.24 -2.664535259e-15 7.105427358e-15 -7.105427358e-15 1
1.243333333 8.881784197e-15 -1.421085472e-14 1.243449788e-14 1
1.246666667 -4.440892099e-15 7.105427358e-15 0 1
1.25 6.217248938e-15 -1.065814104e-14 1.243449788e-14 1
1.253333333 5.329070518e-15 -7.105427358e-15 8.881784197e-15 1
1.256666667 -7.993605777e-15 1.421085472e-14 -8.881784197e-15 1
1.26 1.598721155e-14 -1.776356839e-14 7.105427358e-15 1
1.263333333 -1.243449788e-14 1.421085472e-14 0 1
1.266666667 -1.776356839e-14 3.197442311e-14 -2.664535259e-14 1
1.27 -1.776356839e-15 3.552713679e-15 -3.552713679e-15 1
1.273333333 3.552713679e-15 -7.105427358e-15 1.776356839e-15 1
1.276666667 -1.776356839e-15 0 0 1
1.28 -1.953992523e-14 2.842170943e-14 -1.953992523e-14 1
1.283333333 2.486899575e-14 -3.197442311e-14 1.953992523e-14 1
1.286666667 0 -3.552713679e-15 3.552713679e-15 1
1.29 2.486899575e-14 -3.907985047e-14 2.842170943e-14 1
1.293333333 -1.598721155e-14 2.842170943e-14 -2.131628207e-14 1
1.296666667 -1.865174681e-14 2.131628207e-14 -1.065814104e-14 1
1.3 -1.776356839e-15 0 1.776356839e-15 1
1.303333333 -1.421085472e-14 1.776356839e-14 -1.065814104e-14 1
1.306666667 -7.105427358e-15 7.105427358e-15 -7.105427358e-15 1
1.31 -1.33226763e-14 2.486899575e-14 -1.776356839e-14 1
1.313333333 -4.440892099e-15 7.105427358e-15 -7.105427358e-15 1
1.316666667 -1.865174681e-14 3.197442311e-14 -2.842170943e-14 1
1.32 1.776356839e-14 -1.065814104e-14 -5.329070518e-15 1
1.323333333 -3.552713679e-15 7.105427358e-15 -8.881784197e-15 1
1.326666667 -1.154631946e-14 1.421085472e-14 -1.421085472e-14 1
1.33 -1.33226763e-14 1.421085472e-14 -3.552713679e-15 1
1.333333333 3.552713679e-15 -1.065814104e-14 1.065814104e-14 1
1.336666667 7.105427358e-15 -3.552713679e-15 -3.552713679e-15 1
1.34 -2.664535259e-15 7.105427358e-15 0 1
1.343333333 -1.953992523e-14 3.197442311e-14 -2.664535259e-14 1
1.346666667 2.664535259e-14 -3.552713679e-14 2.486899575e-14 1
1.35 1.065814104e-14 -1.421085472e-14 5.329070518e-15 1
1.353333333 2.398081733e-14 -3.197442311e-14 1.421085472e-14 1
1.356666667 -1.687538997e-14 2.131628207e-14 -1.243449788e-14 1
1.36 1.243449788e-14 -1.421085472e-14 1.421085472e-14 1
1.363333333 1.243449788e-14 -7.105427358e-15 0 1
1.366666667 -1.509903313e-14 1.776356839e-14 -8.881784197e-15 1
1.37 1.776356839e-15 0 0 1
1.373333333 1.598721155e-14 -1.421085472e-14 3.552713679e-15 1
1.376666667 0 0 3.552713679e-15 1
1.38 4.440892099e-15 -3.552713679e-15 -3.552713679e-15 1
1.383333333 -1.776356839e-15 1.421085472e-14 -1.776356839e-14 1
1.386666667 1.243449788e-14 -7.105427358e-15 -8.881784197e-15 1
1.39 -1.687538997e-14 2.842170943e-14 -2.309263891e-14 1
1.393333333 0 0 0 1
1.396666667 2.664535259e-15 7.105427358e-15 -7.105427358e-15 1
1.4 -7.105427358e-15 1.776356839e-14 -1.243449788e-14 1
1.403333333 2.220446049e-14 -2.131628207e-14 5.329070518e-15 1
1.406666667 1.598721155e-14 -1.421085472e-14 1.776356839e-15 1
1.41 8.881784197e-16 0 -1.776356839e-15 1
1.413333333 -7.105427358e-15 3.552713679e-15 3.552713679e-15 1
1.416666667 0 0 0 1
1.42 0 0 0 1
1.423333333 0 0 0 1
1.426666667 0 0 0 1
1.43 0 0 0 1
1.433333333 0 0 0 1
1.436666667 0 0 0 1
1.44 0 0 0 1
1.443333333 0 0 0 1
1.446666667 0 0 0 1
1.45 0 0 0 1
1.453333333 0 0 0 1
1.456666667 0 0 0 1
1.46 0 0 0 1
1.463333333 0 0 0 1
1.466666667 0 0 0 1
1.47 0 0 0 1
1.473333333 0 0 0 1
1.476666667 0 0 0 1
1.48 0 0 0 1
1.483333333 0 0 0 1
1.486666667 0 0 0 1
1.49 0 0 0 1
1.493333333 0 0 0 1
1.496666667 0 0 0 1
1.5 0 0 0 1
