0 0 0 0 0
0.003333333333 6.981317008e-05 0 0 0
0.006666666667 0.0002792526803 0 0 0
0.01 0.0006283185307 0 0 0
0.01333333333 0.001117010721 0 0 0
0.01666666667 0.001745329252 0 0 0
0.02 0.002513274123 0 0 0
0.02333333333 0.003420845334 0 0 0
0.02666666667 0.004468042885 0 0 0
0.03 0.005654866776 0 0 0
0.03333333333 0.006981317008 0 0 0
0.03666666667 0.00844739358 0 0 0
0.04 0.01005309649 0 0 0
0.04333333333 0.01179842574 0 0 0
0.04666666667 0.01368338134 0 0 0
0.05 0.01570796327 0 0 0
0.05333333333 0.01787217154 0 0 0
0.05666666667 0.02017600615 0 0 0
0.06 0.02261946711 0 0 0
0.06333333333 0.0252025544 0 0 0
0.06666666667 0.02792526803 0 0 0
0.07 0.03078760801 0 0 0
0.07333333333 0.03378957432 0 0 0
0.07666666667 0.03693116697 0 0 0
0.08 0.04021238597 0 0 0
0.08333333333 0.0436332313 0 0 0
0.08666666667 0.04719370297 0 0 0
0.09 0.05089380099 0 0 0
0.09333333333 0.05473352534 0 0 0
0.09666666667 0.05871287604 0 0 0
0.1 0.06283185307 0 0 0
0.1033333333 0.06709045645 0 0 0
0.1066666667 0.07148868616 0 0 0
0.11 0.07602654222 0 0 0
0.1133333333 0.08070402461 0 0 0
0.1166666667 0.08552113335 0 0 0
0.12 0.09047786842 0 0 0
0.1233333333 0.09557422984 0 0 0
0.1266666667 0.1008102176 0 0 0
0.13 0.1061858317 0 0 0
0.1333333333 0.1117010721 0 0 0
0.1366666667 0.1173559389 0 0 0
0.14 0.123150432 0 0 0
0.1433333333 0.1290845515 0 0 0
0.1466666667 0.1351582973 0 0 0
0.15 0.1413716694 0 0 0
0.1533333333 0.1477246679 0 0 0
0.1566666667 0.1542172927 0 0 0
0.16 0.1608495439 0 0 0
0.1633333333 0.1676214214 0 0 0
0.1666666667 0.1745329252 0 0 0
0.17 0.1815840554 0 0 0
0.1733333333 0.1887748119 0 0 0
0.1766666667 0.1961051948 0 0 0
0.18 0.203575204 0 0 0
0.1833333333 0.2111848395 0 0 0
0.1866666667 0.2189341014 0 0 0
0.19 0.2268229896 0 0 0
0.1933333333 0.2348515041 0 0 0
0.1966666667 0.243019645 0 0 0
0.2 0.2513274123 0 0 0
0.2033333333 0.2597748059 0 0 0
0.2066666667 0.2683618258 0 0 0
0.21 0.277088472 0 0 0
0.2133333333 0.2859547446 0 0 0
0.2166666667 0.2949606436 0 0 0
0.22 0.3041061689 0 0 0
0.2233333333 0.3133913205 0 0 0
0.2266666667 0.3228160984 0 0 0
0.23 0.3323805027 0 0 0
0.2333333333 0.3420845334 0 0 0
0.2366666667 0.3519281904 0 0 0
0.24 0.3619114737 0 0 0
0.2433333333 0.3720343834 0 0 0
0.2466666667 0.3822969194 0 0 0
0.25 0.3926990817 0 0 0
0.2533333333 0.403058582 0 0 0
0.2566666667 0.4134043182 0 0 0
0.26 0.4237874126 0 0 0
0.2633333333 0.434225606 0 0 0
0.2666666667 0.4447289101 0 0 0
0.27 0.4553039263 0 0 0
0.2733333333 0.4659553926 0 0 0
0.2766666667 0.4766868997 0 0 0
0.28 0.4874577957 4.347778069e-05 0 0
0.2833333333 0.4974530373 0.0009477645241 0 0
0.2866666667 0.5069508464 0.002436530788 0 0
0.29 0.5161215067 0.004341086012 0 0
0.2933333333 0.5250347011 0.006593107151 0 0
0.2966666667 0.5337314712 0.009152727433 0 0
0.3 0.5422396003 0.01199318832 0 0
0.3033333333 0.5505794223 0.01509505763 0 0
0.3066666667 0.5587665896 0.01844348239 0 0
0.31 0.5668135859 0.022026692 0 0
0.3133333333 0.5747343263 0.02583141123 0 0
0.3166666667 0.5826175195 0.02976950858 0 0
0.32 0.5905001818 0.03380449064 0 0
0.3233333333 0.5983851991 0.03793394748 0 0
0.3266666667 0.6062750727 0.04215581212 0 0
0.33 0.6141719922 0.04646829326 0 0
0.3333333333 0.62207789 0.05086982448 0 0
0.3366666667 0.629994484 0.05535902534 0 0
0.34 0.637923311 0.05993467086 0 0
0.3433333333 0.6458657539 0.06459566738 0 0
0.3466666667 0.6538230627 0.06934103314 0 0
0.35 0.6617963729 0.07416988254 0 0
0.3533333333 0.6697867201 0.07908141313 0 0
0.3566666667 0.6777950519 0.08407489488 0 0
0.36 0.6858222386 0.08914966123 0 0
0.3633333333 0.6938690821 0.09430510148 0 0
0.3666666667 0.701936323 0.0995406544 0 0
0.37 0.7100246472 0.1048558027 0 0
0.3733333333 0.7181346916 0.1102500684 0 0
0.3766666667 0.7262670488 0.1157230087 0 0
0.38 0.7344222713 0.1212742125 0 0
0.3833333333 0.7426008755 0.1269032971 0 0
0.3866666667 0.7508033445 0.1326099057 0 0
0.39 0.7590301314 0.1383937053 0 0
0.3933333333 0.7672816617 0.144254384 0 0
0.3966666667 0.7755583356 0.1501916495 0 0
0.4 0.7838605298 0.1562052273 0 0
0.4033333333 0.7921886 0.1622948594 0 0
0.4066666667 0.8005428819 0.168460303 0 0
0.41 0.8089236929 0.1747013288 0 0
0.4133333333 0.8173313335 0.1810177207 0 0
0.4166666667 0.8257660885 0.1874092742 0 0
0.42 0.834228228 0.1938757961 0 0
0.4233333333 0.8427180088 0.2004171029 0 0
0.4266666667 0.8512356746 0.2070330209 0 0
0.43 0.8597814575 0.2137233853 0 0
0.4333333333 0.8683555784 0.2204880392 0 0
0.4366666667 0.8769582481 0.2273268337 0 0
0.44 0.8855896674 0.2342396267 0 0
0.4433333333 0.8942500281 0.241226283 0 0
0.4466666667 0.9029395134 0.2482866739 0 0
0.45 0.9116582984 0.2554206762 0 0
0.4533333333 0.919718522 0.2633162013 0 0
0.4566666667 0.9268363027 0.2722571788 0 0
0.46 0.9334136134 0.2818416821 0 0
0.4633333333 0.9395641695 0.2919560403 0 0
0.4666666667 0.945349625 0.3025386423 0 0
0.47 0.9508101065 0.313549403 0 0
0.4733333333 0.955974316 0.3249596598 0 0
0.4766666667 0.9608640292 0.3367476758 0 0
0.48 0.9654964494 0.3488962844 0 0
0.4833333333 0.9698855775 0.3613915205 0 0
0.4866666667 0.9740430694 0.3742217626 0 0
0.49 0.977978805 0.3873771641 0 0
0.4933333333 0.9817012813 0.4008492601 0 0
0.4966666667 0.985217895 0.4146306848 0 0
0.5 0.9885351505 0.428714964 0 0
0.5033333333 0.990887223 0.4430963569 0.0002571981321 0
0.5066666667 0.9925591377 0.457464643 0.000881699722 0
0.51 0.9940100336 0.4713456082 0.002035073005 0
0.5133333333 0.9952744988 0.4848289071 0.003644637546 0
0.5166666667 0.9963691149 0.4979734993 0.005664304685 0
0.52 0.9973053978 0.5108187338 0.008062857445 0
0.5233333333 0.9980920292 0.5233931903 0.01081729865 0
0.5266666667 0.9987358989 0.5357187808 0.01390975773 0
0.53 0.9992426704 0.5478129516 0.01732582417 0
0.5333333333 0.9996171188 0.559689988 0.02105355719 0
0.5366666667 0.9998633484 0.5713618414 0.02508285427 0
0.54 0.9999849406 0.5828386841 0.02940502642 0
0.5433333333 1 0.5941143537 0.03401250019 0
0.5466666667 1 0.605107864 0.03889860148 0
0.55 1 0.6158134521 0.04405739412 0
0.5533333333 1 0.6262394263 0.04948355661 0
0.5566666667 1 0.6363932633 0.05517228604 0
0.56 1 0.6462841441 0.06111922186 0
0.5633333333 1 0.6559571962 0.06732038454 0
0.5666666667 1 0.6654309278 0.07377212559 0
0.57 1 0.6747095988 0.08047108625 0
0.5733333333 1 0.6837971397 0.08741416308 0
0.5766666667 1 0.6926971894 0.09459847904 0
0.58 1 0.7014131275 0.1020213588 0
0.5833333333 1 0.7099481011 0.1096803081 0
0.5866666667 1 0.718305049 0.1175729949 0
0.59 1 0.7264867214 0.1256972347 0
0.5933333333 1 0.7344956982 0.1340509761 0
0.5966666667 1 0.742334404 0.1426322892 0
0.6 1 0.7500051219 0.1514393549 0
0.6033333333 1 0.7575100057 0.160470456 0
0.6066666667 1 0.7648510903 0.1697239682 0
0.61 1 0.7720303013 0.1791983534 0
0.6133333333 1 0.7790494637 0.1888921528 0
0.6166666667 1 0.785910309 0.1988039811 0
0.62 1 0.7926144826 0.2089325209 0
0.6233333333 1 0.7991635497 0.2192765183 0
0.6266666667 1 0.8055580803 0.2298356989 0
0.63 1 0.811794063 0.240614355 0
0.6333333333 1 0.8178721618 0.2516120904 0
0.6366666667 1 0.823793899 0.2628276375 0
0.64 1 0.8295607296 0.2742597848 0
0.6433333333 1 0.8351740445 0.2859073734 0
0.6466666667 1 0.8406351753 0.2977692936 0
0.65 1 0.8459453976 0.3098444822 0
0.6533333333 1 0.851105934 0.3221319198 0
0.6566666667 1 0.8561179578 0.3346306278 0
0.66 1 0.8609825952 0.3473396667 0
0.6633333333 1 0.8657009283 0.3602581334 0
0.6666666667 1 0.8702739973 0.3733851597 0
0.67 1 0.8747028031 0.3867199102 0
0.6733333333 1 0.878988309 0.4002615803 0
0.6766666667 1 0.8831314427 0.414009395 0
0.68 1 0.8871330985 0.4279626075 0
0.6833333333 1 0.8909941385 0.4421204973 0
0.6866666667 1 0.8947153945 0.4564823691 0
0.69 1 0.8982976693 0.4710475519 0
0.6933333333 1 0.9017417383 0.4858153974 0
0.6966666667 1 0.9050483505 0.5007852792 0
0.7 1 0.9082182302 0.5159565915 0
0.7033333333 1 0.9112520775 0.5313287487 0
0.7066666667 1 0.91415057 0.5469011838 0
0.71 1 0.9169478008 0.5616514733 0.0009549999128
0.7133333333 1 0.9196987239 0.5753642732 0.002971174208
0.7166666667 1 0.9224043284 0.5884944458 0.005592397403
0.72 1 0.9250648224 0.6011775486 0.008683389094
0.7233333333 1 0.9276804078 0.6134888102 0.01216918885
0.7266666667 1 0.9302512805 0.6254777863 0.01600050004
0.73 1 0.9327776309 0.6371802112 0.02014183934
0.7333333333 1 0.9352596442 0.6486233612 0.02456617338
0.7366666667 1 0.9376975001 0.6598288926 0.02925208138
0.74 1 0.9400913736 0.6708145038 0.03418209287
0.7433333333 1 0.9424414347 0.6815949837 0.03934164005
0.7466666667 1 0.9447478489 0.692182909 0.04471836052
0.75 1 0.9470107772 0.7025891292 0.0503016127
0.7533333333 1 0.9492303763 0.7125083571 0.05608212743
0.7566666667 1 0.9514067987 0.7220015679 0.06205175005
0.76 1 0.9535401932 0.7311662668 0.06820324506
0.7633333333 1 0.9556307043 0.7400409498 0.07453014504
0.7666666667 1 0.9576784732 0.7486498703 0.08102663177
0.77 1 0.9596836372 0.7570106872 0.08768744127
0.7733333333 1 0.9616463304 0.765137259 0.09450778696
0.7766666667 1 0.9635666833 0.773040967 0.1014832966
0.78 1 0.9654448234 0.7807314464 0.1086099604
0.7833333333 1 0.967280875 0.7882170307 0.115884087
0.7866666667 1 0.9690749591 0.7955050445 0.1233022673
0.79 1 0.9708271942 0.8026020053 0.130861343
0.7933333333 1 0.9725376957 0.80951377 0.1385583798
0.7966666667 1 0.9742065764 0.8162456444 0.1463906448
0.8 1 0.9758339463 0.822802467 0.1543555863
0.8033333333 1 0.9774199129 0.8291886751 0.1624508165
0.8066666667 1 0.9789645812 0.8354083583 0.1706740969
0.81 1 0.9804680538 0.8414653013 0.179023324
0.8133333333 1 0.9819296933 0.8473637575 0.1874965185
0.8166666667 1 0.9833336741 0.853122927 0.1960918143
0.82 1 0.9846744692 0.8587514953 0.2048074496
0.8233333333 1 0.9859532101 0.8642512949 0.2136417582
0.8266666667 1 0.9871709447 0.8696240663 0.2225931623
0.83 1 0.9883286467 0.8748714642 0.231660166
0.8333333333 1 0.9894272236 0.8799950642 0.2408413491
0.8366666667 1 0.9904675234 0.884996368 0.2501353616
0.84 1 0.9914503407 0.8898768084 0.2595409188
0.8433333333 1 0.9923764215 0.8946377543 0.269056797
0.8466666667 1 0.9932464681 0.8992805144 0.2786818294
0.85 1 0.9940611426 0.9038063411 0.2884149021
0.8533333333 1 0.9948210703 0.9082164342 0.2982549509
0.8566666667 1 0.9955268433 0.9125119441 0.3082009583
0.86 1 0.9961790226 0.9166939745 0.3182519504
0.8633333333 1 0.9967781408 0.9207635851 0.3284069944
0.8666666667 1 0.9973247043 0.9247217946 0.3386651962
0.87 1 0.9978191951 0.9285695826 0.3490256979
0.8733333333 1 0.9982620727 0.9323078915 0.3594876762
0.8766666667 1 0.9986537754 0.9359376293 0.37005034
0.88 1 0.9989947222 0.9394596707 0.3807129289
0.8833333333 1 0.9992853137 0.942874859 0.3914747115
0.8866666667 1 0.9995259332 0.946184008 0.4023349838
0.89 1 0.9997169485 0.9493879031 0.4132930678
0.8933333333 1 0.9998587118 0.9524873031 0.4243483101
0.8966666667 1 0.9999515617 0.955482941 0.4355000809
0.9 1 0.9999958233 0.9583755257 0.4467477725
0.9033333333 1 1 0.9611657429 0.4580907983
0.9066666667 1 1 0.9638542561 0.4695285922
0.91 1 1 0.9664417078 0.4810606068
0.9133333333 1 1 0.9689287204 0.4926863135
0.9166666667 1 1 0.9713158971 0.5044052006
0.92 1 1 0.9736038225 0.5162167735
0.9233333333 1 1 0.9757930638 0.5281205533
0.9266666667 1 1 0.9778841713 0.5401160763
0.93 1 1 0.979877679 0.5522028934
0.9333333333 1 1 0.9817741055 0.5643805693
0.9366666667 1 1 0.9835739546 0.5766486822
0.94 1 1 0.9852777157 0.5890068229
0.9433333333 1 1 0.9868858647 0.6014545944
0.9466666667 1 1 0.9883988641 0.6139916116
0.95 1 1 0.989817164 0.6266175005
0.9533333333 1 1 0.9911412021 0.639331898
0.9566666667 1 1 0.9923714044 0.6521344512
0.96 1 1 0.9935081859 0.6650248174
0.9633333333 1 1 0.9945519503 0.6780026634
0.9666666667 1 1 0.9955030914 0.6910676651
0.97 1 1 0.9963619923 0.7042195075
0.9733333333 1 1 0.9971290269 0.7174578839
0.9766666667 1 1 0.9978045593 0.7307824959
0.98 1 1 0.9983889448 0.7441930531
0.9833333333 1 1 0.99888253 0.7576892728
0.9866666667 1 1 0.9992856527 0.7712708794
0.99 1 1 0.9995986429 0.7849376046
0.9933333333 1 1 0.9998218225 0.7986891869
0.9966666667 1 1 0.9999555059 0.8125253716
1 1 1 1 0.82644591
1.003333333 1 1 1 0.8389529226
1.006666667 1 1 1 0.8502465275
1.01 1 1 1 0.8607437415
1.013333333 1 1 1 0.8705923642
1.016666667 1 1 1 0.8798773193
1.02 1 1 1 0.8886555847
1.023333333 1 1 1 0.896968759
1.026666667 1 1 1 0.9048488972
1.03 1 1 1 0.91232165
1.033333333 1 1 1 0.9194081238
1.036666667 1 1 1 0.9261260635
1.04 1 1 1 0.9324906453
1.043333333 1 1 1 0.9385150307
1.046666667 1 1 1 0.9442107669
1.05 1 1 1 0.9495880845
1.053333333 1 1 1 0.9546561232
1.056666667 1 1 1 0.9594231083
1.06 1 1 1 0.9638964883
1.063333333 1 1 1 0.9680830466
1.066666667 1 1 1 0.9719889914
1.07 1 1 1 0.9756200297
1.073333333 1 1 1 0.9789814287
1.076666667 1 1 1 0.9820780673
1.08 1 1 1 0.9849144796
1.083333333 1 1 1 0.9874948918
1.086666667 1 1 1 0.9898232542
1.09 1 1 1 0.9919032681
1.093333333 1 1 1 0.99373841
1.096666667 1 1 1 0.9953319521
1.1 1 1 1 0.9966869805
1.103333333 1 1 1 0.9978064113
1.106666667 1 1 1 0.9986930047
1.11 1 1 1 0.9993493776
1.113333333 1 1 1 0.9997780149
1.116666667 1 1 1 0.9999812794
1.12 1 1 1 1
1.123333333 1 1 1 1
1.126666667 1 1 1 1
1.13 1 1 1 1
1.133333333 1 1 1 1
1.136666667 1 1 1 1
1.14 1 1 1 1
1.143333333 1 1 1 1
1.146666667 1 1 1 1
1.15 1 1 1 1
1.153333333 1 1 1 1
1.156666667 1 1 1 1
1.16 1 1 1 1
1.163333333 1 1 1 1
1.166666667 1 1 1 1
1.17 1 1 1 1
1.173333333 1 1 1 1
1.176666667 1 1 1 1
1.18 1 1 1 1
1.183333333 1 1 1 1
1.186666667 1 1 1 1
1.19 1 1 1 1
1.193333333 1 1 1 1
1.196666667 1 1 1 1
1.2 1 1 1 1
1.203333333 1 1 1 1
1.206666667 1 1 1 1
1.21 1 1 1 1
1.213333333 1 1 1 1
1.216666667 1 1 1 1
1.22 1 1 1 1
1.223333333 1 1 1 1
1.226666667 1 1 1 1
1.23 1 1 1 1
1.233333333 1 1 1 1
1.236666667 1 1 1 1
1.24 1 1 1 1
1.243333333 1 1 1 1
1.246666667 1 1 1 1
1.25 1 1 1 1
1.253333333 1 1 1 1
1.256666667 1 1 1 1
1.26 1 1 1 1
1.263333333 1 1 1 1
1.266666667 1 1 1 1
1.27 1 1 1 1
1.273333333 1 1 1 1
1.276666667 1 1 1 1
1.28 1 1 1 1
1.283333333 1 1 1 1
1.286666667 1 1 1 1
1.29 1 1 1 1
1.293333333 1 1 1 1
1.296666667 1 1 1 1
1.3 1 1 1 1
1.303333333 1 1 1 1
1.306666667 1 1 1 1
1.31 1 1 1 1
1.313333333 1 1 1 1
1.316666667 1 1 1 1
1.32 1 1 1 1
1.323333333 1 1 1 1
1.326666667 1 1 1 1
1.33 1 1 1 1
1.333333333 1 1 1 1
1.336666667 1 1 1 1
1.34 1 1 1 1
1.343333333 1 1 1 1
1.346666667 1 1 1 1
1.35 1 1 1 1
1.353333333 1 1 1 1
1.356666667 1 1 1 1
1.36 1 1 1 1
1.363333333 1 1 1 1
1.366666667 1 1 1 1
1.37 1 1 1 1
1.373333333 1 1 1 1
1.376666667 1 1 1 1
1.38 1 1 1 1
1.383333333 1 1 1 1
1.386666667 1 1 1 1
1.39 1 1 1 1
1.393333333 1 1 1 1
1.396666667 1 1 1 1
1.4 1 1 1 1
1.403333333 1 1 1 1
1.406666667 1 1 1 1
1.41 1 1 1 1
1.413333333 1 1 1 1
1.416666667 1 1 1 1
1.42 1 1 1 1
1.423333333 1 1 1 1
1.426666667 1 1 1 1
1.43 1 1 1 1
1.433333333 1 1 1 1
1.436666667 1 1 1 1
