0.00333333 7.2552 0.00333333 0 0.00333333 0 0.00333333 0
0.00666667 7.2552 0.00666667 0 0.00666667 0 0.00666667 0
0.01 7.2552 0.01 0 0.01 0 0.01 0
0.0133333 7.2552 0.0133333 0 0.0133333 0 0.0133333 0
0.0166667 7.2552 0.0166667 0 0.0166667 0 0.0166667 0
0.02 7.2552 0.02 0 0.02 0 0.02 0
0.0233333 7.2552 0.0233333 0 0.0233333 0 0.0233333 0
0.0266667 7.2552 0.0266667 0 0.0266667 0 0.0266667 0
0.03 7.2552 0.03 0 0.03 0 0.03 0
0.0333333 7.2552 0.0333333 0 0.0333333 0 0.0333333 0
0.0366667 7.2552 0.0366667 0 0.0366667 0 0.0366667 0
0.04 7.2552 0.04 0 0.04 0 0.04 0
0.0433333 7.2552 0.0433333 0 0.0433333 0 0.0433333 0
0.0466667 7.2552 0.0466667 0 0.0466667 0 0.0466667 0
0.05 7.2552 0.05 0 0.05 0 0.05 0
0.0533333 7.2552 0.0533333 0 0.0533333 0 0.0533333 0
0.0566667 7.2552 0.0566667 0 0.0566667 0 0.0566667 0
0.06 7.2552 0.06 0 0.06 0 0.06 0
0.0633333 7.2552 0.0633333 0 0.0633333 0 0.0633333 0
0.0666667 7.2552 0.0666667 0 0.0666667 0 0.0666667 0
0.07 7.2552 0.07 0 0.07 0 0.07 0
0.0733333 7.2552 0.0733333 0 0.0733333 0 0.0733333 0
0.0766667 7.2552 0.0766667 0 0.0766667 0 0.0766667 0
0.08 7.2552 0.08 0 0.08 0 0.08 0
0.0833333 7.2552 0.0833333 0 0.0833333 0 0.0833333 0
0.0866667 7.2552 0.0866667 0 0.0866667 0 0.0866667 0
0.09 7.2552 0.09 0 0.09 0 0.09 0
0.0933333 7.2552 0.0933333 0 0.0933333 0 0.0933333 0
0.0966667 7.2552 0.0966667 0 0.0966667 0 0.0966667 0
0.1 7.2552 0.1 0 0.1 0 0.1 0
0.103333 7.2552 0.103333 0 0.103333 0 0.103333 0
0.106667 7.2552 0.106667 0 0.106667 0 0.106667 0
0.11 7.2552 0.11 0 0.11 0 0.11 0
0.113333 7.2552 0.113333 0 0.113333 0 0.113333 0
0.116667 7.2552 0.116667 0 0.116667 0 0.116667 0
0.12 7.2552 0.12 0 0.12 0 0.12 0
0.123333 7.2552 0.123333 0 0.123333 0 0.123333 0
0.126667 7.2552 0.126667 0 0.126667 0 0.126667 0
0.13 7.2552 0.13 0 0.13 0 0.13 0
0.133333 7.2552 0.133333 0 0.133333 0 0.133333 0
0.136667 7.2552 0.136667 0 0.136667 0 0.136667 0
0.14 7.2552 0.14 0 0.14 0 0.14 0
0.143333 7.2552 0.143333 0 0.143333 0 0.143333 0
0.146667 7.2552 0.146667 0 0.146667 0 0.146667 0
0.15 7.2552 0.15 0 0.15 0 0.15 0
0.153333 7.2552 0.153333 0 0.153333 0 0.153333 0
0.156667 7.2552 0.156667 0 0.156667 0 0.156667 0
0.16 7.2552 0.16 0 0.16 0 0.16 0
0.163333 7.25519 0.163333 0 0.163333 0 0.163333 0
0.166667 7.25521 0.166667 0 0.166667 0 0.166667 0
0.17 7.25519 0.17 0 0.17 0 0.17 0
0.173333 7.2552 0.173333 0 0.173333 0 0.173333 0
0.176667 7.2552 0.176667 0 0.176667 0 0.176667 0
0.18 7.2552 0.18 0 0.18 0 0.18 0
0.183333 7.25521 0.183333 0 0.183333 0 0.183333 0
0.186667 7.25519 0.186667 0 0.186667 0 0.186667 0
0.19 7.2552 0.19 0 0.19 0 0.19 0
0.193333 7.25521 0.193333 0 0.193333 0 0.193333 0
0.196667 7.25519 0.196667 0 0.196667 0 0.196667 0
0.2 7.25521 0.2 0 0.2 0 0.2 0
0.203333 7.2552 0.203333 0 0.203333 0 0.203333 0
0.206667 7.25519 0.206667 0 0.206667 0 0.206667 0
0.21 7.25521 0.21 0 0.21 0 0.21 0
0.213333 7.2552 0.213333 0 0.213333 0 0.213333 0
0.216667 7.2552 0.216667 0 0.216667 0 0.216667 0
0.22 7.25519 0.22 0 0.22 0 0.22 0
0.223333 7.25521 0.223333 0 0.223333 0 0.223333 0
0.226667 7.2552 0.226667 0 0.226667 0 0.226667 0
0.23 7.2552 0.23 0 0.23 0 0.23 0
0.233333 7.2552 0.233333 0 0.233333 0 0.233333 0
0.236667 7.25521 0.236667 0 0.236667 0 0.236667 0
0.24 7.25519 0.24 0 0.24 0 0.24 0
0.243333 7.2552 0.243333 0 0.243333 0 0.243333 0
0.246667 7.2552 0.246667 0 0.246667 0 0.246667 0
0.25 7.25521 0.25 0 0.25 0 0.25 0
0.253333 7.25519 0.253333 0 0.253333 0 0.253333 0
0.256667 7.2552 0.256667 0 0.256667 0 0.256667 0
0.26 7.25521 0.26 0 0.26 0 0.26 0
0.263333 7.25519 0.263333 0 0.263333 0 0.263333 0
0.266667 7.25521 0.266667 0 0.266667 0 0.266667 0
0.27 7.2552 0.27 0 0.27 0 0.27 0
0.273333 7.25519 0.273333 0 0.273333 0 0.273333 0
0.276667 7.25521 0.276667 0 0.276667 0 0.276667 0
0.28 7.2552 0.28 0 0.28 0 0.28 0
0.283333 7.2552 0.283333 0 0.283333 0 0.283333 0
0.286667 7.2552 0.286667 0 0.286667 0 0.286667 0
0.29 7.2552 0.29 0 0.29 0 0.29 0
0.293333 7.2552 0.293333 0 0.293333 0 0.293333 0
0.296667 7.2552 0.296667 0 0.296667 0 0.296667 0
0.3 7.2552 0.3 0 0.3 0 0.3 0
0.303333 7.2552 0.303333 0 0.303333 0 0.303333 0
0.306667 7.2552 0.306667 0 0.306667 0 0.306667 0
0.31 7.2552 0.31 0 0.31 0 0.31 0
0.313333 7.25521 0.313333 0 0.313333 0 0.313333 0
0.316667 7.25519 0.316667 0 0.316667 0 0.316667 0
0.32 7.2552 0.32 0 0.32 0 0.32 0
0.323333 7.25521 0.323333 0 0.323333 0 0.323333 0
0.326667 7.25519 0.326667 0 0.326667 0 0.326667 0
0.33 7.25521 0.33 0 0.33 0 0.33 0
0.333333 7.25519 0.333333 0 0.333333 0 0.333333 0
0.336667 7.25521 0.336667 0 0.336667 0 0.336667 0
0.34 7.2552 0.34 0 0.34 0 0.34 0
0.343333 7.2552 0.343333 0 0.343333 0 0.343333 0
0.346667 7.25519 0.346667 0 0.346667 0 0.346667 0
0.35 7.25521 0.35 0 0.35 0 0.35 0
0.353333 7.2552 0.353333 0 0.353333 0 0.353333 0
0.356667 7.2552 0.356667 0 0.356667 0 0.356667 0
0.36 7.2552 0.36 0 0.36 0 0.36 0
0.363333 7.2552 0.363333 0 0.363333 0 0.363333 0
0.366667 7.2552 0.366667 0 0.366667 0 0.366667 0
0.37 7.2552 0.37 0 0.37 0 0.37 0
0.373333 7.25521 0.373333 0 0.373333 0 0.373333 0
0.376667 7.25519 0.376667 0 0.376667 0 0.376667 0
0.38 7.2552 0.38 0 0.38 0 0.38 0
0.383333 7.25521 0.383333 0 0.383333 0 0.383333 0
0.386667 7.25519 0.386667 0 0.386667 0 0.386667 0
0.39 7.2552 0.39 0 0.39 0 0.39 0
0.393333 7.25521 0.393333 0 0.393333 0 0.393333 0
0.396667 7.2552 0.396667 0 0.396667 0 0.396667 0
0.4 7.25519 0.4 0 0.4 0 0.4 0
0.403333 7.25521 0.403333 0 0.403333 0 0.403333 0
0.406667 7.2552 0.406667 0 0.406667 0 0.406667 0
0.41 7.25519 0.41 0 0.41 0 0.41 0
0.413333 7.25521 0.413333 0 0.413333 0 0.413333 0
0.416667 7.2552 0.416667 0 0.416667 0 0.416667 0
0.42 7.2552 0.42 0 0.42 0 0.42 0
0.423333 7.2552 0.423333 0 0.423333 0 0.423333 0
0.426667 7.2552 0.426667 0 0.426667 0 0.426667 0
0.43 7.2552 0.43 0 0.43 0 0.43 0
0.433333 7.2552 0.433333 0 0.433333 0 0.433333 0
0.436667 7.2552 0.436667 0 0.436667 0 0.436667 0
0.44 7.25521 0.44 0 0.44 0 0.44 0
0.443333 7.25519 0.443333 0 0.443333 0 0.443333 0
0.446667 7.2552 0.446667 0 0.446667 0 0.446667 0
0.45 7.25521 0.45 0 0.45 0 0.45 0
0.453333 7.25519 0.453333 0 0.453333 0 0.453333 0
0.456667 7.2552 0.456667 0 0.456667 0 0.456667 0
0.46 7.25521 0.46 0 0.46 0 0.46 0
0.463333 7.2552 0.463333 0 0.463333 0 0.463333 0
0.466667 7.25519 0.466667 0 0.466667 0 0.466667 0
0.47 7.25521 0.47 0 0.47 0 0.47 0
0.473333 7.2552 0.473333 0 0.473333 0 0.473333 0
0.476667 7.25519 0.476667 0 0.476667 0 0.476667 0
0.48 7.25521 0.48 0 0.48 0 0.48 0
0.483333 7.2552 0.483333 0 0.483333 0 0.483333 0
0.486667 7.2552 0.486667 0 0.486667 0 0.486667 0
0.49 7.2552 0.49 0 0.49 0 0.49 0
0.493333 7.2552 0.493333 0 0.493333 0 0.493333 0
0.496667 7.2552 0.496667 0 0.496667 0 0.496667 0
0.506667 -169.236 0.506667 88.2457 0.5 0 0.5 0
0.51 -137.102 0.51 72.1784 0.503333 0 0.503333 0
0.513333 -118.753 0.513333 63.004 0.506667 0 0.506667 0
0.516667 -106.517 0.516667 56.886 0.51 0 0.51 0
0.52 -97.6374 0.52 52.4463 0.513333 0 0.513333 0
0.523333 -90.8358 0.523333 49.0455 0.516667 0 0.516667 0
0.526667 -85.4254 0.526667 46.3403 0.52 0 0.52 0
0.53 -80.9997 0.53 44.1274 0.523333 0 0.523333 0
0.533333 -77.3007 0.533333 42.2779 0.526667 0 0.526667 0
0.536667 -74.1555 0.536667 40.7053 0.53 0 0.53 0
0.54 -71.4437 0.54 39.3494 0.533333 0 0.533333 0
0.543333 -69.0782 0.543333 38.1667 0.536667 0 0.536667 0
0.546667 -66.9945 0.546667 37.1248 0.54 0 0.54 0
0.55 -65.1435 0.55 36.1993 0.543333 0 0.543333 0
0.553333 -63.4872 0.553333 35.3712 0.546667 0 0.546667 0
0.556667 -61.9957 0.556667 34.6254 0.55 0 0.55 0
0.56 -60.6451 0.56 33.9501 0.553333 0 0.553333 0
0.563333 -59.4158 0.563333 33.3355 0.556667 0 0.556667 0
0.566667 -58.2921 0.566667 32.7736 0.56 0 0.56 0
0.57 -57.2607 0.57 32.2579 0.563333 0 0.563333 0
0.573333 -56.3105 0.573333 31.7829 0.566667 0 0.566667 0
0.583333 16.0479 0.583333 -39.351 0.57 0 0.57 0
0.586667 15.6952 0.586667 -38.6456 0.573333 0 0.573333 0
0.59 15.3657 0.59 -37.9866 0.583333 23.3031 0.576667 0
0.593333 15.0572 0.593333 -37.3696 0.586667 22.9504 0.58 0
0.596667 14.7678 0.596667 -36.7908 0.59 22.6209 0.583333 0
0.6 14.4957 0.6 -36.2467 0.593333 22.3124 0.586667 0
0.603333 14.2396 0.603333 -35.7343 0.596667 22.023 0.59 0
0.606667 13.998 0.606667 -35.2511 0.6 21.7509 0.593333 0
0.61 13.7697 0.61 -34.7946 0.603333 21.4948 0.596667 0
0.613333 13.5538 0.613333 -34.3628 0.606667 21.2532 0.6 0
0.616667 13.3492 0.616667 -33.9536 0.61 21.0249 0.603333 0
0.62 13.1552 0.62 -33.5655 0.613333 20.809 0.606667 0
0.623333 12.9709 0.623333 -33.1969 0.616667 20.6044 0.61 0
0.626667 12.7956 0.626667 -32.8464 0.62 20.4104 0.613333 0
0.63 12.6288 0.63 -32.5128 0.623333 20.2261 0.616667 0
0.633333 12.4698 0.633333 -32.1948 0.626667 20.0508 0.62 0
0.636667 12.3182 0.636667 -31.8915 0.63 19.884 0.623333 0
0.64 12.1734 0.64 -31.6019 0.633333 19.725 0.626667 0
0.643333 12.035 0.643333 -31.3252 0.636667 19.5734 0.63 0
0.646667 11.9026 0.646667 -31.0604 0.64 19.4286 0.633333 0
0.65 11.7759 0.65 -30.807 0.643333 19.2902 0.636667 0
0.653333 11.6545 0.653333 -30.5642 0.646667 19.1578 0.64 0
0.656667 11.5381 0.656667 -30.3314 0.65 19.0311 0.643333 0
0.66 11.4264 0.66 -30.108 0.653333 18.9097 0.646667 0
0.663333 11.3192 0.663333 -29.8935 0.656667 18.7933 0.65 0
0.666667 11.2161 0.666667 -29.6875 0.66 18.6816 0.653333 0
0.67 11.117 0.67 -29.4893 0.663333 18.5744 0.656667 0
0.673333 11.0217 0.673333 -29.2987 0.666667 18.4713 0.66 0
0.676667 10.93 0.676667 -29.1152 0.67 18.3722 0.663333 0
0.68 10.8416 0.68 -28.9384 0.673333 18.2769 0.666667 0
0.683333 10.7564 0.683333 -28.768 0.676667 18.1852 0.67 0
0.686667 10.6743 0.686667 -28.6038 0.68 18.0968 0.673333 0
0.69 10.595 0.69 -28.4453 0.683333 18.0116 0.676667 0
0.693333 10.5186 0.693333 -28.2923 0.686667 17.9295 0.68 0
0.696667 10.4447 0.696667 -28.1446 0.69 17.8503 0.683333 0
0.7 10.3733 0.7 -28.0019 0.693333 17.7738 0.686667 0
0.703333 10.3044 0.703333 -27.8639 0.696667 17.6999 0.69 0
0.706667 10.2376 0.706667 -27.7305 0.7 17.6285 0.693333 0
0.71 10.1731 0.71 -27.6014 0.703333 17.5595 0.696667 0
0.713333 10.1106 0.713333 -27.4764 0.706667 17.4928 0.7 0
0.716667 10.0501 0.716667 -27.3554 0.71 17.4283 0.703333 0
0.72 9.99154 0.72 -27.2383 0.713333 17.3658 0.706667 0
0.723333 9.93474 0.723333 -27.1247 0.716667 17.3053 0.71 0
0.726667 9.8797 0.726667 -27.0146 0.72 17.2467 0.713333 0
0.73 9.82633 0.73 -26.9078 0.723333 17.19 0.716667 0
0.733333 9.77456 0.733333 -26.8043 0.726667 17.1349 0.72 0
0.736667 9.7243 0.736667 -26.7038 0.73 17.0815 0.723333 0
0.74 9.67552 0.74 -26.6062 0.733333 17.0297 0.726667 0
0.743333 9.62815 0.743333 -26.5115 0.736667 16.9795 0.73 0
0.746667 9.58216 0.746667 -26.4195 0.74 16.9307 0.733333 0
0.75 9.53745 0.75 -26.3301 0.743333 16.8834 0.736667 0
0.753333 9.49398 0.753333 -26.2432 0.746667 16.8374 0.74 0
0.756667 9.45175 0.756667 -26.1587 0.75 16.7926 0.743333 0
0.76 9.41066 0.76 -26.0765 0.753333 16.7492 0.746667 0
0.763333 9.3707 0.763333 -25.9966 0.756667 16.7069 0.75 0
0.766667 9.33181 0.766667 -25.9188 0.76 16.6659 0.753333 0
0.77 9.29397 0.77 -25.8431 0.763333 16.6259 0.756667 0
0.773333 9.25709 0.773333 -25.7694 0.766667 16.587 0.76 0
0.776667 9.22123 0.776667 -25.6976 0.77 16.5492 0.763333 0
0.78 9.18627 0.78 -25.6277 0.773333 16.5123 0.766667 0
0.783333 9.1522 0.783333 -25.5596 0.776667 16.4764 0.77 0
0.786667 9.11902 0.786667 -25.4932 0.78 16.4415 0.773333 0
0.79 9.08668 0.79 -25.4285 0.783333 16.4074 0.776667 0
0.793333 9.05512 0.793333 -25.3655 0.786667 16.3742 0.78 0
0.796667 9.02437 0.796667 -25.3039 0.79 16.3419 0.783333 0
0.8 8.99437 0.8 -25.2439 0.793333 16.3103 0.786667 0
0.803333 8.9651 0.803333 -25.1854 0.796667 16.2796 0.79 0
0.806667 8.93653 0.806667 -25.1283 0.8 16.2496 0.793333 0
0.81 8.90864 0.81 -25.0725 0.803333 16.2203 0.796667 0
0.813333 8.88143 0.813333 -25.0181 0.806667 16.1917 0.8 0
0.816667 8.85487 0.816667 -24.9649 0.81 16.1638 0.803333 0
0.82 8.8289 0.82 -24.913 0.813333 16.1366 0.806667 0
0.823333 8.80356 0.823333 -24.8623 0.816667 16.1101 0.81 0
0.826667 8.77878 0.826667 -24.8128 0.82 16.0841 0.813333 0
0.83 8.7546 0.83 -24.7644 0.823333 16.0588 0.816667 0
0.833333 8.73093 0.833333 -24.7171 0.826667 16.034 0.82 0
0.836667 8.70781 0.836667 -24.6708 0.83 16.0098 0.823333 0
0.84 8.68521 0.84 -24.6256 0.833333 15.9861 0.826667 0
0.843333 8.66311 0.843333 -24.5814 0.836667 15.963 0.83 0
0.846667 8.64148 0.846667 -24.5382 0.84 15.9404 0.833333 0
0.85 8.62034 0.85 -24.4959 0.843333 15.9183 0.836667 0
0.853333 8.59965 0.853333 -24.4545 0.846667 15.8967 0.84 0
0.856667 8.57941 0.856667 -24.414 0.85 15.8755 0.843333 0
0.86 8.5596 0.86 -24.3744 0.853333 15.8548 0.846667 0
0.863333 8.54021 0.87 129.861 0.856667 15.8346 0.85 0
0.866667 8.52123 0.873333 85.4787 0.86 15.8148 0.853333 0
0.87 8.50265 0.876667 66.647 0.87 -189.737 0.856667 0
0.873333 8.48445 0.88 55.4176 0.873333 -130.531 0.86 0
0.876667 8.46663 0.883333 47.7522 0.876667 -105.392 0.87 51.3738
0.88 8.44917 0.886667 42.1026 0.88 -90.3905 0.873333 36.5676
0.883333 8.43207 0.89 37.7253 0.883333 -80.1414 0.876667 30.2785
0.886667 8.41531 0.893333 34.2116 0.886667 -72.5807 0.88 26.5237
0.89 8.3989 0.896667 31.3159 0.89 -66.7169 0.883333 23.9572
0.893333 8.3828 0.9 28.88 0.893333 -62.0053 0.886667 22.0628
0.896667 8.36703 0.903333 26.7972 0.896667 -58.118 0.89 20.5928
0.9 8.35157 0.906667 24.9923 0.9 -54.8444 0.893333 19.4108
0.903333 8.33641 0.91 23.4106 0.903333 -52.042 0.896667 18.4351
0.906667 8.32155 0.913333 22.0115 0.906667 -49.6106 0.9 17.6128
0.91 8.30697 0.916667 20.7638 0.91 -47.4775 0.903333 16.9084
0.913333 8.29268 0.92 19.6433 0.913333 -45.5882 0.906667 16.2969
0.916667 8.27865 0.923333 18.6309 0.916667 -43.9013 0.91 15.7599
0.92 8.2649 0.926667 17.711 0.92 -42.3844 0.913333 15.284
0.923333 8.2514 0.93 16.8713 0.923333 -41.0119 0.916667 14.8588
0.926667 8.23816 0.933333 16.1014 0.926667 -39.7634 0.92 14.4761
0.93 8.22516 0.936667 15.3927 0.93 -38.6221 0.923333 14.1296
0.933333 8.2124 0.94 14.7381 0.933333 -37.5742 0.926667 13.8142
0.936667 8.19988 0.943333 14.1315 0.936667 -36.6085 0.93 13.5256
0.94 8.18759 0.946667 13.5678 0.94 -35.7152 0.933333 13.2605
0.943333 8.17552 0.95 13.0424 0.943333 -34.8863 0.936667 13.0159
0.946667 8.16367 0.953333 12.5516 0.946667 -34.1149 0.94 12.7895
0.95 8.15204 0.956667 12.092 0.95 -33.395 0.943333 12.5793
0.953333 8.14061 0.96 11.6607 0.953333 -32.7215 0.946667 12.3834
0.956667 8.12939 0.963333 11.2553 0.956667 -32.09 0.95 12.2005
0.96 8.11836 0.966667 10.8733 0.96 -31.4967 0.953333 12.0293
0.963333 8.10753 0.97 10.513 0.963333 -30.938 0.956667 11.8687
0.966667 8.09689 0.973333 10.1724 0.966667 -30.411 0.96 11.7176
0.97 8.08643 0.976667 9.84998 0.97 -29.9131 0.963333 11.5752
0.973333 8.07616 0.98 9.54439 0.973333 -29.4418 0.966667 11.4408
0.976667 8.06606 0.983333 9.25434 0.976667 -28.9951 0.97 11.3137
0.98 8.05614 0.986667 8.97869 0.98 -28.5711 0.973333 11.1933
0.983333 8.04638 0.99 8.7164 0.983333 -28.1681 0.976667 11.0791
0.986667 8.03679 0.993333 8.46655 0.986667 -27.7846 0.98 10.9706
0.99 8.02736 0.996667 8.22829 0.99 -27.4192 0.983333 10.8674
0.993333 8.01809 1.00667 -7.9936e-11 0.993333 -27.0706 0.986667 10.7691
0.996667 8.00898 1.01 6.99441e-11 0.996667 -26.7377 0.99 10.6754
1.00667 9.99201e-11 1.01333 -9.99201e-12 1.00667 5.42851 0.993333 10.586
1.01 -1.9984e-10 1.01667 -6.9944e-11 1.01 5.35649 0.996667 10.5005
1.01333 9.99201e-11 1.02 6.99441e-11 1.01333 5.28735 1.00667 -5.42851
1.01667 3.9968e-11 1.02333 9.99201e-12 1.01667 5.22091 1.01 -5.35649
1.02 -7.99361e-11 1.02667 -7.9936e-11 1.02 5.15703 1.01333 -5.28735
1.02333 3.9968e-11 1.03 4.996e-11 1.02333 5.09555 1.01667 -5.22091
1.02667 5.9952e-11 1.03333 1.9984e-11 1.02667 5.03634 1.02 -5.15703
1.03 -9.99201e-11 1.03667 -3.9968e-11 1.03 4.9793 1.02333 -5.09555
1.03333 4.996e-11 1.04 1.9984e-11 1.03333 4.92427 1.02667 -5.03634
1.03667 -4.43734e-27 1.04333 4.996e-11 1.03667 4.8712 1.03 -4.9793
1.04 -9e-21 1.04667 -9.99201e-11 1.04 4.81995 1.03333 -4.92427
1.04333 -5.9952e-11 1.05 4.996e-11 1.04333 4.77044 1.03667 -4.8712
1.04667 6.9944e-11 1.05333 6.9944e-11 1.04667 4.72259 1.04 -4.81995
1.05 -3.9968e-11 1.05667 -1.39888e-10 1.05 4.67632 1.04333 -4.77044
1.05333 1.9984e-11 1.06 6.99441e-11 1.05333 4.63153 1.04667 -4.72259
1.05667 5.9952e-11 1.06333 0 1.05667 4.5882 1.05 -4.67632
1.06 -2.9976e-11 1.06667 1.9984e-11 1.06 4.54622 1.05333 -4.63153
1.06333 -1.19904e-10 1.07 -3.9968e-11 1.06333 4.50553 1.05667 -4.5882
1.06667 8.99281e-11 1.07333 1.9984e-11 1.06667 4.46611 1.06 -4.54622
1.07 8.99281e-11 1.07667 4.996e-11 1.07 4.42787 1.06333 -4.50553
1.07333 -6.9944e-11 1.08 -6.99441e-11 1.07333 4.39077 1.06667 -4.46611
1.07667 -1.29896e-10 1.08333 -9.99201e-12 1.07667 4.35475 1.07 -4.42787
1.08 1.09912e-10 1.08667 2.9976e-11 1.08 4.31978 1.07333 -4.39077
1.08333 4.996e-11 1.09 0 1.08333 4.28582 1.07667 -4.35475
1.08667 -2.9976e-11 1.09333 0 1.08667 4.2528 1.08 -4.31978
1.09 -8.99281e-11 1.09667 8.99281e-11 1.09 4.2207 1.08333 -4.28582
1.09333 6.9944e-11 1.1 -1.79856e-10 1.09333 4.18952 1.08667 -4.2528
1.09667 0 1.10333 1.39888e-10 1.09667 4.15913 1.09 -4.2207
1.1 0 1.10667 3.6e-20 1.1 4.12962 1.09333 -4.18952
1.10333 0 1.11 -1.4988e-10 1.10333 4.10085 1.09667 -4.15913
1.10667 0 1.11333 1.9984e-10 1.10667 4.07287 1.1 -4.12962
1.11 4.996e-11 1.11667 -1.4988e-10 1.11 4.04558 1.10333 -4.10085
1.11333 -9.99201e-11 1.12 3.6e-20 1.11333 4.01901 1.10667 -4.07287
1.11667 4.996e-11 1.12333 4.996e-11 1.11667 3.99314 1.11 -4.04558
1.12 5.99521e-11 1.12667 9.99201e-11 1.12 3.96787 1.11333 -4.01901
1.12333 -1.19904e-10 1.13 -1.4988e-10 1.12333 3.94328 1.11667 -3.99314
1.12667 5.9952e-11 1.13333 4.996e-11 1.12667 3.91925 1.12 -3.96787
1.13 0 1.13667 -4.996e-11 1.13 3.89583 1.12333 -3.94328
1.13333 0 1.14 4.996e-11 1.13333 3.87296 1.12667 -3.91925
1.13667 2.9976e-11 1.14333 4.996e-11 1.13667 3.85066 1.13 -3.89583
1.14 -5.99521e-11 1.14667 -4.996e-11 1.14 3.82887 1.13333 -3.87296
1.14333 2.9976e-11 1.15 -4.996e-11 1.14333 3.80758 1.13667 -3.85066
1.14667 0 1.15333 4.996e-11 1.14667 3.78679 1.14 -3.82887
1.15 2.9976e-11 1.15667 0 1.15 3.76649 1.14333 -3.80758
1.15333 -5.9952e-11 1.16 0 1.15333 3.74665 1.14667 -3.78679
1.15667 7.9936e-11 1.16333 0 1.15667 3.72723 1.15 -3.76649
1.16 -4.996e-11 1.16667 0 1.16 3.70829 1.15333 -3.74665
1.16333 8.99281e-11 1.17 0 1.16333 3.68972 1.15667 -3.72723
1.16667 -2.29816e-10 1.17333 0 1.16667 3.67159 1.16 -3.70829
1.17 1.89848e-10 1.17667 0 1.17 3.65384 1.16333 -3.68972
1.17333 3.9968e-11 1.18 8.99281e-11 1.17333 3.63648 1.16667 -3.67159
1.17667 -1.39888e-10 1.18333 -3.9968e-11 1.17667 3.61948 1.17 -3.65384
1.18 -3.9968e-11 1.18667 -1.39888e-10 1.18 3.60284 1.17333 -3.63648
1.18333 8.99281e-11 1.19 3.9968e-11 1.18333 3.58655 1.17667 -3.61948
1.18667 0 1.19333 9.99201e-11 1.18667 3.57061 1.18 -3.60284
1.19 9.99201e-11 1.19667 -9.99201e-11 1.19 3.55498 1.18333 -3.58655
1.19333 -1.9984e-10 1.2 4.996e-11 1.19333 3.53968 1.18667 -3.57061
1.19667 9.99201e-11 1.20333 0 1.19667 3.5247 1.19 -3.55498
1.2 4.996e-11 1.20667 9.99201e-11 1.2 3.51001 1.19333 -3.53968
1.20333 -6.9944e-11 1.21 -1.4988e-10 1.20333 3.49561 1.19667 -3.5247
1.20667 -9.99201e-12 1.21333 3.6e-20 1.20667 3.4815 1.2 -3.51001
1.21 7.99361e-11 1.21667 4.996e-11 1.21 3.46767 1.20333 -3.49561
1.21333 -4.996e-11 1.22 0 1.21333 3.45411 1.20667 -3.4815
1.21667 9.99201e-12 1.22333 0 1.21667 3.44081 1.21 -3.46767
1.22 2.9976e-11 1.22667 0 1.22 3.42776 1.21333 -3.45411
1.22333 -3.9968e-11 1.23 0 1.22333 3.41497 1.21667 -3.44081
1.22667 3.9968e-11 1.23333 0 1.22667 3.40241 1.22 -3.42776
1.23 -1.4988e-10 1.23667 1.39888e-10 1.23 3.3901 1.22333 -3.41497
1.23333 7.9936e-11 1.24 -2.79776e-10 1.23333 3.378 1.22667 -3.40241
1.23667 2.9976e-11 1.24333 1.39888e-10 1.23667 3.36616 1.23 -3.3901
1.24 9.99201e-11 1.24667 0 1.24 3.35449 1.23333 -3.378
1.24333 -9.99201e-11 1.25 4.996e-11 1.24333 3.34307 1.23667 -3.36616
1.24667 -6.9944e-11 1.25333 -9.99201e-11 1.24667 3.33184 1.24 -3.35449
1.25 3.9968e-11 1.25667 4.996e-11 1.25 3.32082 1.24333 -3.34307
1.25333 7.9936e-11 1.26 9.99201e-11 1.25333 3.30999 1.24667 -3.33184
1.25667 -9.99201e-11 1.26333 -5.9952e-11 1.25667 3.29936 1.25 -3.32082
1.26 4.996e-11 1.26667 -1.79856e-10 1.26 3.28891 1.25333 -3.30999
1.26333 0 1.27 1.39888e-10 1.26333 3.27865 1.25667 -3.29936
1.26667 0 1.27333 8.99281e-11 1.26667 3.26857 1.26 -3.28891
1.27 9.99201e-11 1.27667 -1.29896e-10 1.27 3.25866 1.26333 -3.27865
1.27333 -1.9984e-10 1.28 3.9968e-11 1.27333 3.24892 1.26667 -3.26857
1.27667 1.4988e-10 1.28333 0 1.27667 3.23934 1.27 -3.25866
1.28 -9.99201e-11 1.28667 -4.996e-11 1.28 3.22994 1.27333 -3.24892
1.28333 4.996e-11 1.29 4.996e-11 1.28333 3.22069 1.27667 -3.23934
1.28667 4.996e-11 1.29333 4.996e-11 1.28667 3.21159 1.28 -3.22994
1.29 -4.996e-11 1.29667 -9.99201e-11 1.29 3.20264 1.28333 -3.22069
1.29333 -4.996e-11 1.3 9.99201e-11 1.29333 3.19385 1.28667 -3.21159
1.29667 4.996e-11 1.30333 -9.99201e-11 1.29667 3.18519 1.29 -3.20264
1.3 0 1.30667 4.996e-11 1.3 3.17669 1.29333 -3.19385
1.30333 9.99201e-11 1.31 9.99201e-11 1.30333 3.16831 1.29667 -3.18519
1.30667 -1.9984e-11 1.31333 -1.9984e-10 1.30667 3.16007 1.3 -3.17669
1.31 -2.59792e-10 1.31667 1.9984e-10 1.31 3.15198 1.30333 -3.16831
1.31333 1.79856e-10 1.32 -1.4988e-10 1.31333 3.14399 1.30667 -3.16007
1.31667 0 1.32333 4.996e-11 1.31667 3.13615 1.31 -3.15198
1.32 0 1.32667 4.996e-11 1.32 3.12842 1.31333 -3.14399
1.32333 2.9976e-11 1.33 -1.4988e-10 1.32333 3.12083 1.31667 -3.13615
1.32667 -5.9952e-11 1.33333 1.89848e-10 1.32667 3.11333 1.32 -3.12842
1.33 1.29896e-10 1.33667 -1.79856e-10 1.33 3.10596 1.32333 -3.12083
1.33333 -1.9984e-10 1.34 1.79856e-10 1.33333 3.09872 1.32667 -3.11333
1.33667 2.59792e-10 1.34333 -1.79856e-10 1.33667 3.09157 1.33 -3.10596
1.34 -2.69784e-10 1.34667 1.89848e-10 1.34 3.08453 1.33333 -3.09872
1.34333 5.9952e-11 1.35 -1.9984e-10 1.34333 3.07761 1.33667 -3.09157
1.34667 4.996e-11 1.35333 9.99201e-11 1.34667 3.07078 1.34 -3.08453
1.35 1.79856e-10 1.35667 0 1.35 3.06408 1.34333 -3.07761
1.35333 -2.59792e-10 1.36 0 1.35333 3.05744 1.34667 -3.07078
1.35667 7.9936e-11 1.36333 9.99201e-11 1.35667 3.05093 1.35 -3.06408
1.36 0 1.36667 -1.9984e-10 1.36 3.0445 1.35333 -3.05744
1.36333 -9.99201e-11 1.37 9.99201e-11 1.36333 3.03817 1.35667 -3.05093
1.36667 1.9984e-10 1.37333 0 1.36667 3.03195 1.36 -3.0445
1.37 -9.99201e-11 1.37667 0 1.37 3.02578 1.36333 -3.03817
1.37333 7.9936e-11 1.38 0 1.37333 3.01973 1.36667 -3.03195
1.37667 -1.59872e-10 1.38333 0 1.37667 3.01376 1.37 -3.02578
1.38 9.99201e-12 1.38667 4.996e-11 1.38 3.00788 1.37333 -3.01973
1.38333 3.9968e-11 1.39 -9.99201e-12 1.38333 3.00207 1.37667 -3.01376
1.38667 5.9952e-11 1.39333 -1.29896e-10 1.38667 2.99636 1.38 -3.00788
1.39 -5.99521e-11 1.39667 1.79856e-10 1.39 2.99072 1.38333 -3.00207
1.39333 2.9976e-11 1.4 -1.79856e-10 1.39333 2.98516 1.38667 -2.99636
1.39667 0 1.40333 8.99281e-11 1.39667 2.97967 1.39 -2.99072
1.4 9.99201e-11 1.40667 0 1.4 2.97428 1.39333 -2.98516
1.40333 -9.99201e-11 1.41 0 1.40333 2.96894 1.39667 -2.97967
1.40667 -9.99201e-11 1.41333 0 1.40667 2.96369 1.4 -2.97428
1.41 1.9984e-10 1.41667 1.79856e-10 1.41 2.95851 1.40333 -2.96894
1.41333 -1.69864e-10 1.42 -3.59712e-10 1.41333 2.95339 1.40667 -2.96369
1.41667 3.9968e-11 1.42333 2.69784e-10 1.41667 2.94835 1.41 -2.95851
1.42 9.99201e-11 1.42667 -1.79856e-10 1.42 2.94337 1.41333 -2.95339
1.42333 -1.39888e-10 1.43 8.99281e-11 1.42333 2.93846 1.41667 -2.94835
1.42667 6.9944e-11 1.43333 0 1.42667 2.93363 1.42 -2.94337
1.43 4.996e-11 1.43667 9.99201e-11 1.43 2.92884 1.42333 -2.93846
1.43333 3.6e-20 1.44 -1.9984e-10 1.43333 2.92414 1.42667 -2.93363
1.43667 -1.4988e-10 1.44333 1.89848e-10 1.43667 2.91947 1.43 -2.92884
1.44 1.9984e-10 1.44667 -1.79856e-10 1.44 2.91488 1.43333 -2.92414
1.44333 -1.4988e-10 1.45 8.99281e-11 1.44333 2.91037 1.43667 -2.91947
1.44667 2.9976e-11 1.45333 8.99281e-11 1.44667 2.90589 1.44 -2.91488
1.45 1.9984e-11 1.45667 -1.79856e-10 1.45 2.90147 1.44333 -2.91037
1.45333 -2.9976e-11 1.46 1.89848e-10 1.45333 2.89712 1.44667 -2.90589
1.45667 2.9976e-11 1.46333 -1.09912e-10 1.45667 2.89282 1.45 -2.90147
1.46 0 1.46667 1.9984e-11 1.46 2.88858 1.45333 -2.89712
1.46333 0 1.47 -9.99201e-12 1.46333 2.88438 1.45667 -2.89282
1.46667 0 1.47333 0 1.46667 2.88024 1.46 -2.88858
1.47 0 1.47667 0 1.47 2.87616 1.46333 -2.88438
1.47333 0 1.48 0 1.47333 2.87212 1.46667 -2.88023
1.47667 0 1.48333 -9.99201e-11 1.47667 2.86814 1.47 -2.87617
1.48 0 1.48667 1.89848e-10 1.48 2.86421 1.47333 -2.87212
1.48333 0 1.49 -1.29896e-10 1.48333 2.86032 1.47667 -2.86815
1.48667 0 1.49333 -9.99201e-12 1.48667 2.85649 1.48 -2.86421
1.49 0 1.49667 2.29816e-10 1.49 2.8527 1.48333 -2.86032
1.49333 0 1.5 -3.59712e-10 1.49333 2.84896 1.48667 -2.8565
1.49667 0 1.50333 1.79856e-10 1.49667 2.84526 1.49 -2.85269
1.5 1.79856e-10 1.50667 9.99201e-11 1.5 2.84161 1.49333 -2.84895
1.50333 -3.59712e-10 1.51 -9.99201e-11 1.50333 2.838 1.49667 -2.84527
1.50667 1.79856e-10 1.51333 -9.99201e-11 1.50667 2.83444 1.5 -2.84162
1.51 0 1.51667 2.79776e-10 1.51 2.83092 1.50333 -2.838
1.51333 0 1.52 -3.59712e-10 1.51333 2.82744 1.50667 -2.83444
1.51667 0 1.52333 2.69784e-10 1.51667 2.82401 1.51 -2.83091
1.52 1.79856e-10 1.52667 -1.79856e-10 1.52 2.82061 1.51333 -2.82745
1.52333 -3.59712e-10 1.53 1.79856e-10 1.52333 2.81725 1.51667 -2.824
1.52667 1.79856e-10 1.53333 -1.79856e-10 1.52667 2.81394 1.52 -2.82062
1.53 0 1.53667 2.69784e-10 1.53 2.81066 1.52333 -2.81724
1.53333 0 1.54 -3.59712e-10 1.53333 2.80742 1.52667 -2.81394
1.53667 0 1.54333 1.79856e-10 1.53667 2.80422 1.53 -2.81067
1.54 0 1.54667 0 1.54 2.80106 1.53333 -2.80741
1.54333 0 1.55 0 1.54333 2.79794 1.53667 -2.80423
1.54667 0 1.55333 0 1.54667 2.79484 1.54 -2.80105
1.55 9.99201e-11 1.55667 0 1.55 2.79179 1.54333 -2.79794
1.55333 -1.9984e-10 1.56 8.99281e-11 1.55333 2.78877 1.54667 -2.79485
1.55667 9.99201e-11 1.56333 -8.99281e-11 1.55667 2.78578 1.55 -2.79178
1.56 4.996e-11 1.56667 -8.99281e-11 1.56 2.78283 1.55333 -2.78878
1.56333 -9.99201e-11 1.57 8.99281e-11 1.56333 2.77992 1.55667 -2.78578
1.56667 4.996e-11 1.57333 9.99201e-11 1.56667 2.77703 1.56 -2.78284
1.57 9.99201e-11 1.57667 -9.99201e-11 1.57 2.77418 1.56333 -2.77991
1.57333 -1.9984e-10 1.58 -9.99201e-12 1.57333 2.77136 1.56667 -2.77704
1.57667 9.99201e-11 1.58333 9.99201e-12 1.57667 2.76857 1.57 -2.77417
1.58 0 1.58667 -8.99281e-11 1.58 2.76581 1.57333 -2.77136
1.58333 0 1.59 1.89848e-10 1.58333 2.76308 1.57667 -2.76857
1.58667 0 1.59333 -9.99201e-12 1.58667 2.76039 1.58 -2.76581
1.59 0 1.59667 -8.99281e-11 1.59 2.75772 1.58333 -2.76309
1.59333 0 1.6 -1.89848e-10 1.59333 2.75508 1.58667 -2.76038
1.59667 0 1.60333 1.89848e-10 1.59667 2.75247 1.59 -2.75773
1.6 0 1.60667 0 1.6 2.74989 1.59333 -2.75508
1.60333 0 1.61 9.99201e-11 1.60333 2.74734 1.59667 -2.75247
1.60667 9.99201e-11 1.61333 -9.99201e-11 1.60667 2.74481 1.6 -2.74989
1.61 -1.9984e-10 1.61667 -9.99201e-12 1.61 2.74232 1.60333 -2.74735
1.61333 9.99201e-11 1.62 1.9984e-11 1.61333 2.73985 1.60667 -2.74481
1.61667 9.99201e-11 1.62333 -1.09912e-10 1.61667 2.7374 1.61 -2.74232
1.62 -1.9984e-10 1.62667 9.99201e-11 1.62 2.73498 1.61333 -2.73983
1.62333 9.99201e-11 1.63 0 1.62333 2.73259 1.61667 -2.73741
1.62667 0 1.63333 9.99201e-11 1.62667 2.73022 1.62 -2.73497
1.63 4.996e-11 1.63667 -1.9984e-10 1.63 2.72788 1.62333 -2.7326
1.63333 -9.99201e-11 1.64 1.9984e-10 1.63333 2.72556 1.62667 -2.73022
1.63667 1.4988e-10 1.64333 -1.9984e-10 1.63667 2.72327 1.63 -2.72787
1.64 -1.9984e-10 1.64667 9.99201e-11 1.64 2.721 1.63333 -2.72557
1.64333 9.99201e-11 1.65 9.99201e-11 1.64333 2.71876 1.63667 -2.72326
1.64667 1.79856e-10 1.65333 -1.9984e-10 1.64667 2.71653 1.64 -2.72101
1.65 -3.59712e-10 1.65667 9.99201e-11 1.65 2.71433 1.64333 -2.71875
1.65333 1.79856e-10 1.66 0 1.65333 2.71216 1.64667 -2.71653
1.65667 0 1.66333 0 1.65667 2.71 1.65 -2.71434
1.66 0 1.66667 0 1.66 2.70787 1.65333 -2.71216
1.66333 0 1.67 0 1.66333 2.70576 1.65667 -2.71
1.66667 0 1.67333 0 1.66667 2.70367 1.66 -2.70788
1.67 1.79856e-10 1.67667 0 1.67 2.70161 1.66333 -2.70576
1.67333 -3.59712e-10 1.68 0 1.67333 2.69956 1.66667 -2.70367
1.67667 1.79856e-10 1.68333 8.99281e-11 1.67667 2.69753 1.67 -2.7016
1.68 1.79856e-10 1.68667 -1.79856e-10 1.68 2.69553 1.67333 -2.69956
1.68333 -3.59712e-10 1.69 8.99281e-11 1.68333 2.69354 1.67667 -2.69753
1.68667 1.79856e-10 1.69333 8.99281e-11 1.68667 2.69158 1.68 -2.69553
1.69 0 1.69667 -1.79856e-10 1.69 2.68963 1.68333 -2.69355
1.69333 0 1.7 8.99281e-11 1.69333 2.6877 1.68667 -2.69158
1.69667 0 1.70333 8.99281e-11 1.69667 2.6858 1.69 -2.68962
1.7 0 1.70667 -8.99281e-11 1.7 2.68391 1.69333 -2.68771
1.70333 0 1.71 0 1.70333 2.68204 1.69667 -2.68579
1.70667 0 1.71333 -8.99281e-11 1.70667 2.68019 1.7 -2.68392
1.71 0 1.71667 8.99281e-11 1.71 2.67836 1.70333 -2.68204
1.71333 0 1.72 0 1.71333 2.67654 1.70667 -2.68019
1.71667 9.99201e-11 1.72333 0 1.71667 2.67474 1.71 -2.67836
1.72 -1.9984e-10 1.72667 0 1.72 2.67296 1.71333 -2.67654
1.72333 9.99201e-11 1.73 4.996e-11 1.72333 2.6712 1.71667 -2.67475
1.72667 0 1.73333 -4.996e-11 1.72667 2.66945 1.72 -2.67296
1.73 0 1.73667 0 1.73 2.47036 1.72333 -2.67121
1.73333 0 1.74 0 1.74 0 1.72667 -2.66944
1.73667 0 1.07667 -2.04829 1.07667 2.04829 1.73 -2.47036
1.74 0 1.08 -2.03338 1.08 2.03338 1.74 0
